200.34   0
200.72   0
201.1   0
201.48   0
201.85   0
202.23   -0
202.61   0
202.99   0
203.36   0
203.74   -0
204.12   -0
204.5   -0
204.87   0
205.25   -0
205.63   -0
206   -0
206.38   -0
206.76   -0
207.13   -0
207.51   -0
207.89   -0
208.27   -0
208.64   -0
209.02   -0
209.4   -0
209.77   -0
210.15   -0
210.53   -4.4807e+09
210.9   -1.3522e+12
211.28   -2.1001e+12
211.66   -2.9039e+12
212.03   -2.9039e+12
212.41   -2.9039e+12
212.79   -3.2095e+12
213.16   -2.6407e+12
213.54   -2.0454e+12
213.92   -2.0454e+12
214.29   -1.894e+12
214.67   -1.4676e+12
215.04   -1.3131e+12
215.42   -8.3172e+11
215.8   -1.3131e+12
216.17   -8.3172e+11
216.55   -8.3172e+11
216.93   -3.6866e+11
217.3   -6.4166e+11
217.68   -2.0751e+11
218.06   1.1848e+10
218.43   -2.0751e+11
218.81   -8.3549e+10
219.18   -4.4438e+11
219.56   -4.4438e+11
219.93   -3.8251e+11
220.31   -3.8251e+11
220.69   -3.8251e+11
221.06   5.4299e+10
221.44   5.4299e+10
221.81   -3.8251e+11
222.19   -2.099e+11
222.56   -1.3392e+11
222.94   2.5455e+11
223.32   2.5455e+11
223.69   4.3311e+11
224.07   4.3311e+11
224.44   5.0918e+11
224.82   -9.6514e+09
225.19   -9.6514e+09
225.57   4.652e+11
225.94   4.652e+11
226.32   6.8918e+11
226.69   6.8918e+11
227.07   6.8918e+11
227.44   6.8918e+11
227.82   1.1731e+12
228.19   1.5038e+12
228.57   1.5038e+12
228.94   1.0199e+12
229.32   1.5038e+12
229.69   1.6495e+12
230.07   1.5038e+12
230.44   1.4387e+12
230.82   1.5038e+12
231.19   1.4387e+12
231.57   1.4387e+12
231.94   1.2913e+12
232.32   1.2913e+12
232.69   1.7787e+12
233.07   1.7787e+12
233.44   1.7787e+12
233.82   1.7787e+12
234.19   1.7525e+12
234.57   1.7525e+12
234.94   2.2077e+12
235.31   1.8527e+12
235.69   1.8527e+12
236.06   2.2632e+12
236.44   1.8687e+12
236.81   1.5887e+12
237.19   1.3975e+12
237.56   1.5507e+12
237.94   1.6812e+12
238.31   1.6812e+12
238.68   1.5507e+12
239.06   1.404e+12
239.43   1.6812e+12
239.81   1.2826e+12
240.18   1.6029e+12
240.55   1.6029e+12
240.93   1.6029e+12
241.3   1.3866e+12
241.67   1.2381e+12
242.05   1.2381e+12
242.42   1.414e+12
242.8   1.414e+12
243.17   1.3547e+12
243.54   1.3547e+12
243.92   1.3547e+12
244.29   1.2779e+12
244.66   1.2779e+12
245.04   1.3671e+12
245.41   1.3671e+12
245.78   1.3671e+12
246.16   1.3031e+12
246.53   1.3344e+12
246.9   1.3344e+12
247.28   1.3344e+12
247.65   1.3129e+12
248.02   1.3344e+12
248.4   1.3741e+12
248.77   1.3741e+12
249.14   1.3741e+12
249.52   1.3741e+12
249.89   1.4515e+12
250.26   1.4515e+12
250.63   1.6097e+12
251.01   1.6097e+12
251.38   1.6708e+12
251.75   1.5689e+12
252.13   1.4719e+12
252.5   1.4719e+12
252.87   1.5689e+12
253.25   1.4892e+12
253.62   1.4532e+12
253.99   1.4816e+12
254.36   1.4816e+12
254.74   1.5613e+12
255.11   1.4816e+12
255.48   1.6089e+12
255.85   1.7176e+12
256.23   1.7176e+12
256.6   1.6013e+12
256.97   1.6013e+12
257.34   1.7176e+12
257.71   1.7176e+12
258.09   1.7176e+12
258.46   1.7176e+12
258.83   1.7176e+12
259.2   1.6059e+12
259.58   1.5216e+12
259.95   1.4726e+12
260.32   1.4726e+12
260.69   1.4726e+12
261.06   1.4726e+12
261.44   1.4651e+12
261.81   1.4203e+12
262.18   1.3575e+12
262.55   1.3555e+12
262.92   1.3555e+12
263.3   1.3555e+12
263.67   1.4101e+12
264.04   1.4183e+12
264.41   1.3555e+12
264.78   1.2543e+12
265.15   1.1857e+12
265.52   1.2392e+12
265.9   1.3603e+12
266.27   1.2469e+12
266.64   1.2469e+12
267.01   1.1735e+12
267.38   1.1735e+12
267.75   1.1735e+12
268.12   1.2468e+12
268.5   1.3125e+12
268.87   1.5002e+12
269.24   1.7438e+12
269.61   1.7438e+12
269.98   1.7913e+12
270.35   1.8881e+12
270.72   2.1757e+12
271.09   2.0588e+12
271.46   2.0588e+12
271.83   2.082e+12
272.2   2.082e+12
272.58   1.9999e+12
272.95   1.9999e+12
273.32   2.0111e+12
273.69   2.0459e+12
274.06   2.0111e+12
274.43   2.0111e+12
274.8   2.0111e+12
275.17   2.0459e+12
275.54   2.0921e+12
275.91   2.0921e+12
276.28   2.2532e+12
276.65   2.454e+12
277.02   2.7511e+12
277.39   3.0571e+12
277.76   3.1767e+12
278.13   3.1767e+12
278.5   3.2479e+12
278.87   3.1767e+12
279.25   3.1767e+12
279.62   3.0853e+12
279.99   3.2361e+12
280.36   3.0853e+12
280.73   2.8922e+12
281.1   2.8209e+12
281.46   2.7261e+12
281.83   2.8209e+12
282.2   2.7261e+12
282.57   2.8061e+12
282.94   2.8061e+12
283.31   2.8061e+12
283.68   2.8061e+12
284.05   2.8061e+12
284.42   2.8061e+12
284.79   2.838e+12
285.16   2.838e+12
285.53   2.838e+12
285.9   2.8837e+12
286.27   3.0107e+12
286.64   3.0392e+12
287.01   3.0392e+12
287.38   3.0392e+12
287.75   3.0294e+12
288.12   3.0294e+12
288.49   2.9281e+12
288.86   2.9876e+12
289.23   2.9281e+12
289.59   2.9876e+12
289.96   2.8553e+12
290.33   2.8864e+12
290.7   2.7575e+12
291.07   2.8898e+12
291.44   2.8898e+12
291.81   3.0245e+12
292.18   3.0408e+12
292.55   3.0408e+12
292.92   3.0408e+12
293.28   2.9323e+12
293.65   2.9323e+12
294.02   2.7976e+12
294.39   2.7811e+12
294.76   2.7264e+12
295.13   2.7264e+12
295.5   2.6975e+12
295.86   2.6975e+12
296.23   2.6975e+12
296.6   2.7264e+12
296.97   2.6741e+12
297.34   2.5883e+12
297.71   2.5381e+12
298.07   2.4772e+12
298.44   2.482e+12
298.81   2.482e+12
299.18   2.4824e+12
299.55   2.4412e+12
299.92   2.4361e+12
300.28   2.4165e+12
300.65   2.3646e+12
301.02   2.4165e+12
301.39   2.4361e+12
301.75   2.3842e+12
302.12   2.2795e+12
302.49   2.2795e+12
302.86   2.2795e+12
303.23   2.4793e+12
303.59   2.4793e+12
303.96   2.5566e+12
304.33   2.5566e+12
304.7   2.2406e+12
305.06   2.0714e+12
305.43   2.2085e+12
305.8   2.2717e+12
306.17   2.1108e+12
306.53   2.0387e+12
306.9   1.9796e+12
307.27   1.9796e+12
307.64   1.9796e+12
308   1.9796e+12
308.37   1.9796e+12
308.74   1.9683e+12
309.11   1.8709e+12
309.47   1.8242e+12
309.84   1.774e+12
310.21   1.663e+12
310.57   1.6246e+12
310.94   1.6246e+12
311.31   1.6101e+12
311.67   1.6101e+12
312.04   1.6434e+12
312.41   1.6434e+12
312.77   1.6488e+12
313.14   1.6488e+12
313.51   1.6488e+12
313.88   1.6488e+12
314.24   1.6456e+12
314.61   1.6344e+12
314.98   1.6268e+12
315.34   1.4999e+12
315.71   1.3693e+12
316.07   1.3693e+12
316.44   1.3621e+12
316.81   1.3788e+12
317.17   1.4446e+12
317.54   1.4374e+12
317.91   1.3053e+12
318.27   1.3053e+12
318.64   1.3053e+12
319   1.3888e+12
319.37   1.3888e+12
319.74   1.3053e+12
320.1   1.2202e+12
320.47   1.2202e+12
320.83   1.1728e+12
321.2   1.1536e+12
321.57   1.1536e+12
321.93   1.1536e+12
322.3   1.1536e+12
322.66   1.1536e+12
323.03   1.2336e+12
323.39   1.3466e+12
323.76   1.3466e+12
324.13   1.2493e+12
324.49   1.3932e+12
324.86   1.3932e+12
325.22   1.3932e+12
325.59   1.305e+12
325.95   1.305e+12
326.32   1.2378e+12
326.69   1.2195e+12
327.05   1.1834e+12
327.42   1.1834e+12
327.78   1.2195e+12
328.15   1.1834e+12
328.51   1.2195e+12
328.88   1.1769e+12
329.24   1.144e+12
329.61   1.144e+12
329.97   1.1093e+12
330.34   1.144e+12
330.7   1.2132e+12
331.07   1.2132e+12
331.43   1.144e+12
331.8   1.0774e+12
332.16   1.0774e+12
332.52   1.0117e+12
332.89   9.1246e+11
333.25   8.5982e+11
333.62   8.4433e+11
333.98   8.1246e+11
334.35   8.1246e+11
334.71   8.4433e+11
335.08   8.1267e+11
335.44   8.9717e+11
335.81   8.9717e+11
336.17   1.0031e+12
336.54   1.0781e+12
336.9   1.0961e+12
337.26   1.0961e+12
337.63   1.0961e+12
337.99   1.0744e+12
338.36   9.8015e+11
338.72   9.8015e+11
339.08   9.6822e+11
339.45   8.8335e+11
339.81   8.0862e+11
340.18   7.0143e+11
340.54   6.4408e+11
340.9   6.4408e+11
341.27   6.2383e+11
341.63   6.2383e+11
342   6.0376e+11
342.36   6.0376e+11
342.72   5.9666e+11
343.09   5.6218e+11
343.45   5.9666e+11
343.81   5.9666e+11
344.18   5.9666e+11
344.54   5.8237e+11
344.9   5.9666e+11
345.27   5.8237e+11
345.63   5.5086e+11
345.99   5.2679e+11
346.36   5.2679e+11
346.72   5.4698e+11
347.08   5.2568e+11
347.45   5.2568e+11
347.81   5.4975e+11
348.17   5.6077e+11
348.54   5.2568e+11
348.9   5.2568e+11
349.26   5.6077e+11
349.62   6.4014e+11
349.99   5.6077e+11
350.35   5.6077e+11
350.71   6.4014e+11
351.08   6.4014e+11
351.44   5.4197e+11
351.8   5.8903e+11
352.16   5.8903e+11
352.53   5.8347e+11
352.89   5.0007e+11
353.25   4.3555e+11
353.61   5.0007e+11
353.98   5.0007e+11
354.34   5.0007e+11
354.7   5.0007e+11
355.06   5.6909e+11
355.43   5.0007e+11
355.79   5.0007e+11
356.15   4.6773e+11
356.51   4.0322e+11
356.88   5.1643e+11
357.24   4.3827e+11
357.6   3.9888e+11
357.96   3.7199e+11
358.32   3.7199e+11
358.69   3.7199e+11
359.05   3.9023e+11
359.41   4.0643e+11
359.77   3.9915e+11
360.13   4.3099e+11
360.49   4.3099e+11
360.86   3.9915e+11
361.22   3.9915e+11
361.58   3.9915e+11
361.94   3.9915e+11
362.3   3.9101e+11
362.66   3.9238e+11
363.03   3.4057e+11
363.39   3.4055e+11
363.75   3.4055e+11
364.11   3.4055e+11
364.47   3.8422e+11
364.83   3.8422e+11
365.19   3.7029e+11
365.56   4.2167e+11
365.92   4.2167e+11
366.28   4.2167e+11
366.64   4.2167e+11
367   4.6645e+11
367.36   4.1666e+11
367.72   4.1666e+11
368.08   3.6528e+11
368.44   3.854e+11
368.8   4.2788e+11
369.17   3.854e+11
369.53   4.45e+11
369.89   4.45e+11
370.25   5.0518e+11
370.61   5.2097e+11
370.97   5.2097e+11
371.33   4.6079e+11
371.69   4.6079e+11
372.05   3.7618e+11
372.41   4.4145e+11
372.77   4.0463e+11
373.13   2.1778e+11
373.49   2.1778e+11
373.85   2.1778e+11
374.21   1.4015e+11
374.57   1.855e+11
374.93   2.4951e+11
375.29   3.2769e+11
375.65   3.2769e+11
376.01   3.2769e+11
376.37   3.7438e+11
376.73   3.7438e+11
377.09   3.7438e+11
377.45   3.4417e+11
377.81   3.7638e+11
378.17   4.2251e+11
378.53   4.2251e+11
378.89   3.7638e+11
379.25   3.7638e+11
379.61   3.4417e+11
379.97   3.443e+11
380.33   3.0499e+11
380.69   2.1563e+11
381.05   2.915e+11
381.41   2.8098e+11
381.77   2.4599e+11
382.13   2.1563e+11
382.49   2.4599e+11
382.85   1.9249e+11
383.21   2.924e+11
383.57   1.9249e+11
383.93   1.7954e+11
384.29   2.7644e+11
384.64   2.0672e+11
385   1.2886e+11
385.36   1.2886e+11
385.72   1.9122e+11
386.08   1.9122e+11
386.44   1.9122e+11
386.8   1.9122e+11
387.16   2.4527e+11
387.52   2.4527e+11
387.88   2.0324e+11
388.23   2.4205e+11
388.59   2.6092e+11
388.95   2.8777e+11
389.31   2.6092e+11
389.67   2.6092e+11
390.03   2.6092e+11
390.38   2.6465e+11
390.74   2.6465e+11
391.1   2.6465e+11
391.46   2.6465e+11
391.82   1.7136e+11
392.18   7.244e+10
392.54   7.1404e+10
392.89   7.2737e+10
393.25   7.2737e+10
393.61   1.0441e+11
393.97   1.0441e+11
394.33   1.0441e+11
394.68   1.0441e+11
395.04   1.0441e+11
395.4   1.6724e+11
395.76   1.6724e+11
396.12   1.6724e+11
396.47   2.212e+11
396.83   2.212e+11
397.19   2.212e+11
397.55   2.4687e+11
397.9   1.9786e+11
398.26   2.4687e+11
398.62   2.4687e+11
398.98   2.0176e+11
399.33   2.0176e+11
399.69   2.0176e+11
400.05   1.4593e+11
400.41   1.0601e+11
400.76   1.0261e+11
401.12   1.0261e+11
401.48   1.0261e+11
401.84   4.2023e+10
402.19   1.0261e+11
402.55   1.3573e+11
402.91   1.3573e+11
403.26   1.3345e+11
403.62   1.671e+11
403.98   2.5236e+11
404.34   2.6168e+11
404.69   2.0895e+11
405.05   2.1825e+11
405.41   2.1825e+11
405.76   2.1825e+11
406.12   2.0958e+11
406.48   2.1825e+11
406.83   2.1825e+11
407.19   2.1825e+11
407.55   2.0958e+11
407.9   1.8887e+11
408.26   1.8887e+11
408.62   1.6262e+11
408.97   1.3277e+11
409.33   1.1391e+11
409.69   1.3277e+11
410.04   1.1391e+11
410.4   6.3985e+10
410.75   6.3985e+10
411.11   6.3985e+10
411.47   6.3985e+10
411.82   -1.9852e+10
412.18   -1.9852e+10
412.53   4.0985e+10
412.89   4.0985e+10
413.25   4.0985e+10
413.6   8.9174e+10
413.96   8.9174e+10
414.31   9.9755e+08
414.67   9.9755e+08
415.02   8.9174e+10
415.38   1.2745e+11
415.74   1.2981e+11
416.09   1.2981e+11
416.45   1.2981e+11
416.8   1.2981e+11
417.16   1.498e+10
417.51   1.8634e+11
417.87   2.5028e+11
418.23   1.823e+11
418.58   2.2216e+10
418.94   2.2216e+10
419.29   7.6921e+10
419.65   1.2032e+11
420   1.2032e+11
420.36   7.4662e+10
420.71   1.0801e+11
421.07   1.0801e+11
421.42   7.2128e+10
421.78   7.2128e+10
422.13   1.0801e+11
422.49   7.2128e+10
422.84   7.2128e+10
423.2   7.2128e+10
423.55   1.0801e+11
423.91   7.2128e+10
424.26   2.202e+10
424.62   2.202e+10
424.97   -3.6149e+10
425.32   -1.9105e+10
425.68   -3.6149e+10
426.03   -4.3822e+10
426.39   -4.3822e+10
426.74   -5.4231e+10
427.1   -5.4231e+10
427.45   -1.9105e+10
427.81   6.9498e+10
428.16   7.2583e+10
428.51   1.7387e+11
428.87   2.0253e+11
429.22   2.0253e+11
429.58   2.0253e+11
429.93   2.2917e+11
430.28   2.2917e+11
430.64   2.2917e+11
430.99   2.2917e+11
431.35   1.9516e+11
431.7   1.6639e+11
432.05   1.6639e+11
432.41   1.3321e+11
432.76   3.2238e+10
433.11   2.1349e+10
433.47   2.1349e+10
433.82   4.2522e+10
434.18   9.3007e+10
434.53   4.2522e+10
434.88   9.3007e+10
435.24   9.3007e+10
435.59   6.8357e+10
435.94   6.8357e+10
436.3   6.8357e+10
436.65   2.9951e+10
437   4.1155e+09
437.36   -6.2133e+10
437.71   -1.5751e+11
438.06   -6.2133e+10
438.41   -6.2133e+10
438.77   -1.5751e+11
439.12   -1.3445e+11
439.47   -1.3445e+11
439.83   -1.3445e+11
440.18   -1.3445e+11
440.53   -8.5018e+10
440.88   -2.8925e+10
441.24   3.8272e+10
441.59   -2.8925e+10
441.94   -2.8925e+10
442.3   -2.8925e+10
442.65   -3.0495e+10
443   -4.1518e+10
443.35   -4.1518e+10
443.7   -4.1518e+10
444.06   1.4575e+10
444.41   -1.8571e+10
444.76   -1.8571e+10
445.11   -1.8571e+10
445.47   -2.0832e+10
445.82   -2.0832e+10
446.17   -2.0832e+10
446.52   -7.2565e+10
446.88   -7.2565e+10
447.23   -2.0832e+10
447.58   -9.2222e+10
447.93   -1.7002e+11
448.28   -2.0254e+11
448.63   -1.7002e+11
448.99   -1.8982e+11
449.34   -1.6356e+11
449.69   -1.0217e+11
450.04   -1.0217e+11
450.39   -1.0217e+11
450.75   -1.0217e+11
451.1   -5.5094e+10
451.45   -2.5581e+10
451.8   1.4916e+10
452.15   1.4916e+10
452.5   1.4916e+10
452.85   -2.5581e+10
453.2   -2.5581e+10
453.56   -2.0867e+10
453.91   1.4916e+10
454.26   -2.0867e+10
454.61   -5.4411e+10
454.96   -5.4411e+10
455.31   -5.4411e+10
455.66   -5.4411e+10
456.01   -1.0839e+10
456.37   2.8156e+10
456.72   2.8156e+10
457.07   2.8156e+10
457.42   1.5633e+10
457.77   1.5633e+10
458.12   2.8156e+10
458.47   2.8156e+10
458.82   1.7862e+10
459.17   6.6438e+10
459.52   1.5001e+10
459.87   1.5001e+10
460.22   6.6438e+10
460.57   8.4153e+10
460.92   1.1835e+11
461.27   1.1835e+11
461.62   1.166e+11
461.97   1.166e+11
462.32   1.166e+11
462.68   1.166e+11
463.02   1.2818e+11
463.38   1.166e+11
463.73   9.1528e+10
464.07   9.1528e+10
464.43   9.9681e+08
464.77   9.9681e+08
465.12   1.4087e+10
465.48   1.4087e+10
465.82   6.1255e+10
466.17   -2.5099e+10
466.52   -1.3964e+11
466.87   -5.8279e+10
467.22   -5.8279e+10
467.57   -7.7795e+09
467.92   6.1255e+10
468.27   2.2392e+10
468.62   2.2392e+10
468.97   2.2392e+10
469.32   -1.0788e+10
469.67   -1.0788e+10
470.02   -1.0788e+10
470.37   4.3991e+10
470.72   4.7177e+10
471.07   2.2569e+10
471.42   2.2569e+10
471.76   -1.2945e+09
472.11   -5.0312e+10
472.46   -7.3225e+10
472.81   -5.0312e+10
473.16   -5.0312e+10
473.51   -1.2945e+09
473.86   -7.0783e+09
474.21   -7.0783e+09
474.56   3.5931e+10
474.9   3.5931e+10
475.25   3.5931e+10
475.6   6.3449e+10
475.95   9.8412e+10
476.3   6.3449e+10
476.65   6.3449e+10
477   4.1705e+10
477.35   3.8604e+10
477.69   -1.4271e+10
478.04   -1.3565e+11
478.39   -2.4406e+11
478.74   -1.3565e+11
479.09   -1.3565e+11
479.43   -1.3565e+11
479.78   -1.4986e+11
480.13   -1.4348e+11
480.48   -1.2681e+11
480.83   -1.2681e+11
481.18   -2.009e+10
481.52   -2.009e+10
481.87   2.2606e+10
482.22   3.2304e+08
482.57   -2.009e+10
482.91   -5.3726e+10
483.26   -5.3726e+10
483.61   -5.3726e+10
483.96   -7.2855e+10
484.3   -8.7469e+10
484.65   -8.7469e+10
485   -8.9462e+10
485.35   -1.2247e+11
485.69   -1.5743e+11
486.04   -1.5743e+11
486.39   -1.1223e+11
486.74   -7.7229e+10
487.08   -7.7229e+10
487.43   -9.0699e+10
487.78   -7.4519e+10
488.12   -9.0699e+10
488.47   -8.5997e+10
488.82   -6.7842e+10
489.17   -6.7842e+10
489.51   -8.5997e+10
489.86   -8.4022e+10
490.21   -1.0289e+11
490.55   -8.4736e+10
490.9   -8.4736e+10
491.25   -1.1311e+11
491.59   -1.1311e+11
491.94   -1.1311e+11
492.29   -1.1311e+11
492.63   -8.9561e+10
492.98   -7.7803e+10
493.33   -7.7165e+10
493.67   -7.1783e+10
494.02   -7.1783e+10
494.37   -3.0463e+10
494.71   -3.0463e+10
495.06   -3.0463e+10
495.4   -3.5339e+10
495.75   -7.6658e+10
496.1   -7.6658e+10
496.44   -2.2925e+10
496.79   -2.2925e+10
497.13   -2.2925e+10
497.48   -8.3224e+10
497.83   -8.3224e+10
498.17   -8.3224e+10
498.52   -1.9167e+10
498.86   -3.741e+10
499.21   3.2022e+10
499.56   -3.2301e+10
499.9   -3.2301e+10
500.25   -3.2301e+10
500.59   5.278e+10
500.94   5.278e+10
501.28   6.985e+09
501.63   6.985e+09
501.97   -3.9407e+10
502.32   -3.9407e+10
502.67   -3.9407e+10
503.01   2.5476e+10
503.36   -3.9407e+10
503.7   -4.005e+10
504.05   -4.6142e+10
504.39   -4.6142e+10
504.74   -4.6142e+10
505.08   -2.0055e+10
505.43   -2.0055e+10
505.77   -1.0884e+10
506.12   -1.0884e+10
506.46   -2.0055e+10
506.81   -2.0055e+10
507.15   -5.9108e+10
507.5   -9.211e+10
507.84   -4.9937e+10
508.18   -9.211e+10
508.53   -9.211e+10
508.87   -1.1413e+11
509.22   -1.1413e+11
509.56   -1.1413e+11
509.91   -4.5414e+10
510.25   6.2802e+10
510.6   6.2802e+10
510.94   1.2829e+11
511.28   6.2802e+10
511.63   6.2802e+10
511.97   5.6191e+10
512.32   5.6191e+10
512.66   6.4158e+10
513   -8.9095e+09
513.35   -2.894e+10
513.69   -2.894e+10
514.04   -2.894e+10
514.38   -4.2861e+10
514.72   -2.894e+10
515.07   -1.9836e+10
515.41   -1.9836e+10
515.75   -1.9836e+10
516.1   -3.1618e+10
516.44   -1.9836e+10
516.79   7.0627e+09
517.13   -2.8652e+10
517.47   1.2376e+10
517.82   4.54e+10
518.16   4.7213e+10
518.5   1.0716e+11
518.85   4.7213e+10
519.19   8.7677e+10
519.53   8.7677e+10
519.88   8.7677e+10
520.22   4.1692e+10
520.56   4.1692e+10
520.9   1.2503e+10
521.25   -3.6827e+10
521.59   -8.1417e+10
521.93   -8.1417e+10
522.28   -8.1417e+10
522.62   -8.1417e+10
522.96   -7.1602e+10
523.3   -5.71e+10
523.65   -3.7616e+10
523.99   -3.7616e+10
524.33   -3.7616e+10
524.67   -3.7616e+10
525.02   3.0405e+10
525.36   4.2535e+09
525.7   -2.0703e+10
526.04   -2.0703e+10
526.39   -2.0703e+10
526.73   -5.1267e+09
527.07   1.5943e+10
527.41   1.5943e+10
527.76   4.0778e+10
528.1   6.1726e+10
528.44   5.6654e+10
528.78   5.2767e+10
529.12   5.2767e+10
529.47   5.2767e+10
529.81   7.3716e+10
530.15   7.966e+10
530.49   7.4587e+10
530.83   4.7267e+10
531.18   4.7267e+10
531.52   4.7267e+10
531.86   5.9817e+10
532.2   9.2691e+10
532.54   9.5455e+10
532.88   9.5455e+10
533.23   9.5455e+10
533.57   1.0778e+11
533.91   1.3414e+11
534.25   1.3414e+11
534.59   1.2321e+11
534.93   1.126e+11
535.27   1.3895e+11
535.61   1.3895e+11
535.96   1.3326e+11
536.3   1.3326e+11
536.64   1.3326e+11
536.98   1.3326e+11
537.32   1.2052e+11
537.66   1.3326e+11
538   1.2576e+11
538.34   1.2576e+11
538.68   7.8789e+10
539.02   1.2576e+11
539.36   1.3661e+11
539.7   1.3661e+11
540.04   1.1233e+11
540.38   8.8576e+10
540.73   8.8576e+10
541.07   5.5037e+10
541.41   8.2794e+10
541.75   9.1113e+10
542.09   1.0586e+11
542.43   1.0586e+11
542.77   9.1113e+10
543.11   9.1113e+10
543.45   9.1113e+10
543.79   9.1113e+10
544.13   9.1113e+10
544.47   1.109e+11
544.81   1.4455e+11
545.15   1.8535e+11
545.49   2.3755e+11
545.83   2.3755e+11
546.17   2.3755e+11
546.51   2.2302e+11
546.85   2.2302e+11
547.19   2.5723e+11
547.53   2.5723e+11
547.87   2.6259e+11
548.21   2.6259e+11
548.54   2.6259e+11
548.88   2.8012e+11
549.22   2.1073e+11
549.56   2.2537e+11
549.9   2.6472e+11
550.24   3.3523e+11
550.58   2.6472e+11
550.92   2.6472e+11
551.26   2.5539e+11
551.6   2.9601e+11
551.94   2.4866e+11
552.28   1.949e+11
552.62   2.4866e+11
552.95   2.3553e+11
553.29   2.3553e+11
553.63   2.3553e+11
553.97   2.9601e+11
554.31   2.9601e+11
554.65   2.6537e+11
554.99   2.7077e+11
555.33   2.9429e+11
555.66   3.9968e+11
556   2.9429e+11
556.34   2.9429e+11
556.68   2.9429e+11
557.02   2.9429e+11
557.36   2.9429e+11
557.69   3.4574e+11
558.03   3.9186e+11
558.37   4.4146e+11
558.71   5.1484e+11
559.05   4.4146e+11
559.38   4.6957e+11
559.72   4.7719e+11
560.06   5.2955e+11
560.4   5.2955e+11
560.74   5.2842e+11
561.07   5.2842e+11
561.41   4.7719e+11
561.75   4.5617e+11
562.09   4.5617e+11
562.42   4.6743e+11
562.76   4.6743e+11
563.1   5.0623e+11
563.44   4.567e+11
563.77   4.7319e+11
564.11   4.7319e+11
564.45   4.4574e+11
564.79   4.7319e+11
565.12   4.9118e+11
565.46   4.9118e+11
565.8   5.0902e+11
566.14   5.0902e+11
566.47   5.0902e+11
566.81   5.5098e+11
567.15   5.5098e+11
567.48   5.6311e+11
567.82   6.2174e+11
568.16   6.4072e+11
568.5   6.2174e+11
568.83   6.2174e+11
569.17   6.2174e+11
569.5   6.5724e+11
569.84   6.2174e+11
570.18   6.5724e+11
570.51   6.8823e+11
570.85   6.8823e+11
571.19   7.1795e+11
571.52   6.7961e+11
571.86   6.7961e+11
572.2   6.7961e+11
572.53   6.7961e+11
572.87   6.7499e+11
573.21   7.1333e+11
573.54   7.386e+11
573.88   7.386e+11
574.21   7.7207e+11
574.55   7.1446e+11
574.89   7.2587e+11
575.22   7.7207e+11
575.56   7.7207e+11
575.89   7.2587e+11
576.23   7.2587e+11
576.57   7.2587e+11
576.9   6.974e+11
577.24   6.974e+11
577.57   6.974e+11
577.91   7.3187e+11
578.24   7.8708e+11
578.58   7.8708e+11
578.91   8.4327e+11
579.25   8.9933e+11
579.59   9.2836e+11
579.92   8.9933e+11
580.26   8.9933e+11
580.59   9.2836e+11
580.93   9.5582e+11
581.26   9.3784e+11
581.6   9.3583e+11
581.93   9.5365e+11
582.27   9.3583e+11
582.6   9.5365e+11
582.94   9.2079e+11
583.27   9.2079e+11
583.61   9.2079e+11
583.94   9.2079e+11
584.27   9.2079e+11
584.61   9.2913e+11
584.95   9.638e+11
585.28   9.8803e+11
585.61   1.0231e+12
585.95   1.0231e+12
586.28   1.0529e+12
586.62   1.0703e+12
586.95   1.1023e+12
587.29   1.1023e+12
587.62   1.1023e+12
587.95   1.1035e+12
588.29   1.0703e+12
588.62   1.1035e+12
588.96   1.1035e+12
589.29   1.0414e+12
589.62   1.0414e+12
589.96   9.8582e+11
590.29   9.8582e+11
590.63   9.9499e+11
590.96   1.0476e+12
591.29   1.0476e+12
591.63   1.0476e+12
591.96   1.0476e+12
592.29   1.1227e+12
592.63   1.1227e+12
592.96   1.1576e+12
593.29   1.227e+12
593.63   1.3145e+12
593.96   1.3312e+12
594.3   1.3651e+12
594.63   1.3814e+12
594.96   1.4014e+12
595.29   1.4014e+12
595.63   1.4171e+12
595.96   1.4171e+12
596.29   1.4162e+12
596.63   1.4162e+12
596.96   1.4162e+12
597.29   1.453e+12
597.63   1.453e+12
597.96   1.4142e+12
598.29   1.4142e+12
598.62   1.4142e+12
598.96   1.4142e+12
599.29   1.3949e+12
599.62   1.3949e+12
599.96   1.3707e+12
600.29   1.2908e+12
600.62   1.2632e+12
600.95   1.2908e+12
601.29   1.3707e+12
601.62   1.3707e+12
601.95   1.5448e+12
602.28   1.3637e+12
602.62   1.5063e+12
602.95   1.5063e+12
603.28   1.5806e+12
603.61   1.6254e+12
603.94   1.6254e+12
604.27   1.5806e+12
604.61   1.5529e+12
604.94   1.5529e+12
605.27   1.5529e+12
605.6   1.5708e+12
605.93   1.5494e+12
606.27   1.5708e+12
606.6   1.5892e+12
606.93   1.5494e+12
607.26   1.5183e+12
607.59   1.5183e+12
607.92   1.5484e+12
608.25   1.4995e+12
608.59   1.4995e+12
608.92   1.4995e+12
609.25   1.5704e+12
609.58   1.5698e+12
609.91   1.493e+12
610.24   1.5698e+12
610.57   1.6311e+12
610.9   1.6829e+12
611.24   1.7552e+12
611.57   1.7552e+12
611.9   1.7552e+12
612.23   1.6829e+12
612.56   1.7552e+12
612.89   1.7552e+12
613.22   1.7755e+12
613.55   1.7338e+12
613.88   1.6865e+12
614.21   1.6865e+12
614.54   1.6061e+12
614.87   1.6865e+12
615.2   1.6335e+12
615.53   1.6335e+12
615.87   1.6335e+12
616.2   1.6335e+12
616.53   1.5805e+12
616.86   1.5805e+12
617.19   1.5952e+12
617.52   1.5952e+12
617.85   1.6627e+12
618.18   1.6627e+12
618.51   1.7698e+12
618.84   1.7698e+12
619.17   1.6323e+12
619.5   1.7911e+12
619.83   1.8257e+12
620.16   1.8257e+12
620.49   1.7925e+12
620.82   1.7925e+12
621.14   1.8629e+12
621.47   1.7925e+12
621.8   1.6668e+12
622.13   1.6667e+12
622.46   1.7925e+12
622.79   1.6667e+12
623.12   1.5735e+12
623.45   1.5919e+12
623.78   1.5919e+12
624.11   1.5735e+12
624.44   1.5735e+12
624.77   1.5744e+12
625.1   1.5791e+12
625.42   1.6326e+12
625.75   1.6326e+12
626.08   1.6928e+12
626.41   1.7013e+12
626.74   1.7013e+12
627.07   1.677e+12
627.4   1.677e+12
627.73   1.677e+12
628.06   1.7423e+12
628.38   1.8482e+12
628.71   1.7423e+12
629.04   1.7076e+12
629.37   1.6419e+12
629.7   1.664e+12
630.03   1.7064e+12
630.36   1.7673e+12
630.68   1.7673e+12
631.01   1.7673e+12
631.34   1.7064e+12
631.67   1.6192e+12
632   1.6146e+12
632.32   1.6146e+12
632.65   1.6146e+12
632.98   1.6146e+12
633.31   1.6754e+12
633.64   1.5718e+12
633.96   1.5718e+12
634.29   1.5718e+12
634.62   1.6017e+12
634.95   1.6686e+12
635.27   1.7459e+12
635.6   1.6686e+12
635.93   1.6686e+12
636.26   1.6017e+12
636.58   1.6017e+12
636.91   1.6253e+12
637.24   1.6253e+12
637.57   1.677e+12
637.89   1.677e+12
638.22   1.677e+12
638.55   1.5796e+12
638.88   1.5629e+12
639.2   1.5675e+12
639.53   1.5675e+12
639.86   1.4379e+12
640.18   1.4379e+12
640.51   1.5472e+12
640.84   1.5472e+12
641.16   1.5472e+12
641.49   1.3983e+12
641.82   1.4839e+12
642.14   1.5352e+12
642.47   1.5921e+12
642.8   1.6153e+12
643.12   1.6584e+12
643.45   1.6584e+12
643.78   1.6034e+12
644.1   1.5642e+12
644.43   1.5128e+12
644.75   1.5642e+12
645.08   1.6034e+12
645.41   1.5874e+12
645.73   1.5455e+12
646.06   1.5455e+12
646.38   1.5364e+12
646.71   1.5006e+12
647.04   1.5006e+12
647.36   1.5364e+12
647.69   1.547e+12
648.01   1.5364e+12
648.34   1.4416e+12
648.67   1.3031e+12
648.99   1.3411e+12
649.32   1.3411e+12
649.64   1.2237e+12
649.97   1.3411e+12
650.29   1.3936e+12
650.62   1.202e+12
650.94   1.202e+12
651.27   1.3015e+12
651.6   1.3015e+12
651.92   1.3015e+12
652.25   1.366e+12
652.57   1.3406e+12
652.89   1.4762e+12
653.22   1.4762e+12
653.54   1.3406e+12
653.87   1.4345e+12
654.2   1.3406e+12
654.52   1.3252e+12
654.85   1.3594e+12
655.17   1.3594e+12
655.49   1.3594e+12
655.82   1.3026e+12
656.14   1.2684e+12
656.47   1.1517e+12
656.79   1.1306e+12
657.12   1.0344e+12
657.44   1.1263e+12
657.77   1.1666e+12
658.09   1.1005e+12
658.41   1.0765e+12
658.74   1.0765e+12
659.06   1.0765e+12
659.39   1.0765e+12
659.71   1.1168e+12
660.03   1.1168e+12
660.36   1.1666e+12
660.68   1.1848e+12
661.01   1.2389e+12
661.33   1.2389e+12
661.65   1.2389e+12
661.98   1.2389e+12
662.3   1.2389e+12
662.62   1.2389e+12
662.95   1.4167e+12
663.27   1.1788e+12
663.6   1.0816e+12
663.92   1.0816e+12
664.24   1.0816e+12
664.57   1.2889e+12
664.89   1.4886e+12
665.21   1.4788e+12
665.54   1.4788e+12
665.86   1.4985e+12
666.18   1.4872e+12
666.5   1.4872e+12
666.83   1.4872e+12
667.15   1.4774e+12
667.47   1.4774e+12
667.8   1.4872e+12
668.12   1.4872e+12
668.44   1.4449e+12
668.76   1.4449e+12
669.09   1.2552e+12
669.41   1.0622e+12
669.73   1.2109e+12
670.06   1.2776e+12
670.38   1.2748e+12
670.7   1.0461e+12
671.02   9.3181e+11
671.35   9.3181e+11
671.67   9.6269e+11
671.99   1.077e+12
672.31   1.077e+12
672.63   1.2092e+12
672.96   1.077e+12
673.28   9.8181e+11
673.6   9.8181e+11
673.92   1.0155e+12
674.24   1.0155e+12
674.57   1.0019e+12
674.89   9.687e+11
675.21   9.6154e+11
675.53   9.687e+11
675.85   8.9443e+11
676.17   9.687e+11
676.5   9.687e+11
676.82   8.2576e+11
677.14   7.4507e+11
677.46   7.3295e+11
677.78   6.7363e+11
678.1   6.5699e+11
678.42   6.5699e+11
678.75   6.5699e+11
679.07   6.8023e+11
679.39   6.8023e+11
679.71   5.8202e+11
680.03   6.7539e+11
680.35   5.5317e+11
680.67   4.5392e+11
680.99   5.4729e+11
681.31   5.4729e+11
681.63   6.7539e+11
681.96   5.3445e+11
682.28   5.3445e+11
682.6   3.7207e+11
682.92   3.7207e+11
683.24   2.2161e+11
683.56   2.2161e+11
683.88   3.596e+11
684.2   1.9775e+11
684.52   1.9393e+11
684.84   1.9393e+11
685.16   2.3176e+11
685.48   2.3176e+11
685.8   2.6455e+11
686.12   4.2797e+11
686.44   4.6276e+11
686.76   5.2489e+11
687.08   7.0712e+11
687.4   8.8551e+11
687.72   8.8551e+11
688.04   9.4398e+11
688.36   8.8551e+11
688.68   9.4398e+11
689   9.4398e+11
689.32   8.8551e+11
689.64   8.1099e+11
689.96   6.5535e+11
690.28   3.7933e+11
690.6   3.7933e+11
690.92   3.7933e+11
691.24   3.1121e+11
691.56   3.1121e+11
691.88   2.3436e+11
692.19   3.071e+11
692.51   3.071e+11
692.83   4.9401e+11
693.15   4.9401e+11
693.47   6.5041e+11
693.79   5.4218e+11
694.11   7.0701e+11
694.43   7.0701e+11
694.75   5.5244e+11
695.07   5.5244e+11
695.38   3.686e+11
695.7   2.0112e+11
696.02   2.0112e+11
696.34   3.686e+11
696.66   3.686e+11
696.98   4.5568e+11
697.29   4.5568e+11
697.61   1.4319e+11
697.93   2.873e+11
698.25   6.7349e+11
698.57   6.7349e+11
698.89   7.7167e+11
699.2   7.7167e+11
699.52   6.7937e+11
699.84   6.7937e+11
700.16   6.7937e+11
700.48   4.6106e+11
700.79   4.6106e+11
701.11   6.7937e+11
701.43   4.6106e+11
701.75   4.6106e+11
702.07   4.1269e+11
702.38   4.1269e+11
702.7   4.5443e+11
703.02   3.6325e+11
703.34   3.6325e+11
703.65   8.3892e+10
703.97   2.1041e+10
704.29   2.1041e+10
704.61   4.5443e+11
704.92   5.2835e+11
705.24   4.7891e+11
705.56   4.7891e+11
705.87   3.6218e+11
706.19   5.6828e+11
706.51   3.7762e+11
706.83   3.7762e+11
707.14   7.1883e+11
707.46   5.3166e+11
707.77   5.3166e+11
708.09   5.3166e+11
708.41   5.3166e+11
708.73   5.3166e+11
709.04   5.3166e+11
709.36   5.3451e+11
709.67   5.3451e+11
709.99   5.3451e+11
710.31   4.5103e+11
710.62   9.69e+10
710.94   2.8938e+10
711.26   -3.2696e+11
711.57   -2.1902e+10
711.89   -3.2696e+11
712.21   -2.3816e+11
712.52   -3.3646e+11
712.84   -4.6818e+11
713.15   -5.153e+11
713.47   -4.6818e+11
713.78   -3.3646e+11
714.1   -4.2907e+11
714.42   -3.4027e+11
714.73   -3.4027e+11
715.05   -1.7391e+11
715.36   -3.6118e+10
715.68   4.8488e+10
716   6.9398e+10
716.31   6.9398e+10
716.63   4.8488e+10
716.94   -1.1841e+10
717.26   4.8488e+10
717.57   8.7161e+09
717.89   8.7161e+09
718.2   1.0236e+11
718.52   4.7218e+10
718.83   -4.6421e+10
719.15   -4.6421e+10
719.46   -1.0377e+11
719.78   6.3286e+10
720.09   6.3286e+10
720.41   -1.0377e+11
720.72   -2.1071e+10
721.04   -2.1071e+10
721.35   -1.0377e+11
721.67   -2.7904e+11
721.98   -9.6594e+11
722.29   -9.6594e+11
722.61   -7.7296e+11
722.92   -8.4036e+11
723.24   -1.5913e+11
723.55   -7.3207e+10
723.87   -7.3207e+10
724.18   -7.3207e+10
724.5   8.1447e+10
724.81   3.0291e+11
725.12   7.2797e+11
725.44   3.0291e+11
725.75   3.0291e+11
726.07   7.5521e+11
726.38   7.5521e+11
726.69   7.5521e+11
727.01   7.5521e+11
727.32   3.1015e+11
727.63   6.9849e+10
727.95   -9.6592e+10
728.26   -9.6592e+10
728.58   6.4933e+09
728.89   -4.6605e+10
729.2   -3.4044e+11
729.52   -4.6605e+10
729.83   -3.4044e+11
730.14   -6.304e+11
730.46   -3.4044e+11
730.77   -2.3735e+11
731.08   2.0334e+11
731.39   -3.7695e+10
731.71   -4.7839e+11
732.02   -3.7695e+10
732.33   1.8609e+11
732.65   1.8609e+11
732.96   1.8609e+11
733.27   1.8609e+11
733.59   -2.018e+11
733.9   -1.0939e+12
734.21   -1.159e+12
734.52   -1.6025e+12
734.84   -1.3918e+12
735.15   -1.3918e+12
735.46   -1.3918e+12
735.77   -1.3918e+12
736.09   -1.3918e+12
736.4   -1.1447e+12
736.71   -8.0888e+11
737.02   -7.854e+11
737.33   -7.854e+11
737.65   1.4031e+11
737.96   1.4031e+11
738.27   -4.1064e+11
738.58   -7.854e+11
738.89   -4.1064e+11
739.21   -4.1064e+11
739.52   -5.0657e+11
739.83   -8.8133e+11
740.14   -1.0749e+12
740.45   -1.5603e+12
740.76   -1.5603e+12
741.08   -1.5603e+12
741.39   -2.0109e+12
741.7   -1.5603e+12
742.01   -1.5603e+12
742.32   -1.5603e+12
742.63   -1.2714e+12
742.94   -8.4867e+11
743.25   -8.4867e+11
743.57   -5.5772e+10
743.88   -3.2253e+11
744.19   -3.2253e+11
744.5   -2.8803e+11
744.81   -2.8803e+11
745.12   -2.8803e+11
745.43   -2.8803e+11
745.74   -2.8803e+11
746.05   -9.6399e+09
746.36   -9.6399e+09
746.67   -1.6313e+11
746.99   2.8869e+10
747.3   2.8869e+10
747.61   2.8869e+10
747.92   -6.1016e+11
748.23   -6.1016e+11
748.54   -6.1016e+11
748.85   -1.8454e+12
749.16   -2.4678e+12
749.47   -2.4678e+12
749.78   -2.4678e+12
750.09   -2.4678e+12
750.4   -2.0408e+12
750.71   -1.9681e+12
751.02   -1.434e+12
751.33   -1.434e+12
751.64   -1.6044e+12
751.95   -1.6044e+12
752.26   -1.2973e+12
752.57   -1.0896e+12
752.88   -1.0896e+12
753.19   -1.0896e+12
753.5   -1.3038e+12
753.8   -7.8605e+11
754.12   -1.3038e+12
754.42   -7.8605e+11
754.73   -7.8605e+11
755.04   -7.8605e+11
755.35   -7.8605e+11
755.66   -7.8605e+11
755.97   -7.8605e+11
756.28   -1.3607e+12
756.59   -1.0068e+12
756.9   -1.4713e+12
757.21   -8.1701e+11
757.51   -1.4713e+12
757.82   -1.3588e+12
758.13   -1.3588e+12
758.44   -1.3588e+12
758.75   -1.4713e+12
759.06   -1.3588e+12
759.37   -6.1383e+11
759.68   -1.3588e+12
759.98   -1.6178e+12
760.29   -1.6178e+12
760.6   -1.6178e+12
760.91   -1.9024e+12
761.22   -1.9024e+12
761.53   -1.9024e+12
761.83   -1.1918e+12
762.14   -1.1918e+12
762.45   -1.1918e+12
762.76   -3.1928e+11
763.07   -3.1928e+11
763.37   -1.1113e+12
763.68   1.7705e+09
763.99   1.7705e+09
764.3   1.8298e+11
764.61   1.7705e+09
764.91   4.6966e+10
765.22   -1.5807e+10
765.53   -1.5927e+11
765.84   -1.5927e+11
766.14   -1.5927e+11
766.45   -1.5927e+11
766.76   -2.746e+11
767.06   -3.7095e+11
767.37   -5.9768e+11
767.68   -5.9768e+11
767.99   -5.9768e+11
768.29   -3.6402e+11
768.6   -3.6402e+11
768.91   -5.9768e+11
769.21   -3.6402e+11
769.52   1.1613e+11
769.83   1.1613e+11
770.13   1.1613e+11
770.44   8.1698e+11
770.75   1.1613e+11
771.05   -5.0912e+11
771.36   -7.8353e+11
771.67   -7.8353e+11
771.97   -3.1815e+11
772.28   -3.1815e+11
772.59   -3.1815e+11
772.89   -5.1262e+11
773.2   -5.1262e+11
773.51   -1.2471e+12
773.81   -7.3726e+11
774.12   -8.8623e+10
774.42   -8.8623e+10
774.73   -2.1419e+11
775.04   -2.1419e+11
775.34   -8.2311e+11
775.65   -8.2311e+11
775.95   -8.2311e+11
776.26   -8.2311e+11
776.57   -1.7093e+12
776.87   -1.6103e+12
777.18   -1.8642e+12
777.48   -1.8642e+12
777.79   -1.8642e+12
778.09   -1.9606e+12
778.4   -1.9606e+12
778.7   -2.0114e+12
779.01   -2.0114e+12
779.31   -2.0114e+12
779.62   -2.3425e+12
779.92   -2.3425e+12
780.23   -4.0013e+12
780.53   -4.0013e+12
780.84   -4.873e+12
781.14   -4.873e+12
781.45   -4.873e+12
781.75   -4.873e+12
782.06   -3.7822e+12
782.36   -3.229e+12
782.67   -2.43e+12
782.97   -3.229e+12
783.28   -2.43e+12
783.58   -1.5776e+12
783.89   -1.4079e+12
784.19   -1.5776e+12
784.5   -1.5776e+12
784.8   -1.4079e+12
785.1   -2.0278e+12
785.41   -2.0278e+12
785.71   -2.012e+12
786.02   -2.012e+12
786.32   -3.2735e+12
786.62   -3.2735e+12
786.93   -4.5882e+12
787.23   -5.7002e+12
787.53   -5.7002e+12
787.84   -5.7002e+12
788.14   -3.087e+12
788.45   2.272e+11
788.75   -5.2651e+11
789.05   2.272e+11
789.36   1.0259e+12
789.66   7.6385e+11
789.96   7.6385e+11
790.27   1.0224e+12
790.57   2.237e+11
790.87   2.237e+11
791.18   1.0224e+12
791.48   -2.6796e+11
791.78   1.0224e+12
792.09   2.3218e+11
792.39   -6.8247e+11
792.69   -6.8247e+11
793   2.3218e+11
793.3   -6.8247e+11
793.6   1.2808e+12
793.9   2.3949e+11
794.21   -1.0087e+12
794.51   1.6871e+11
794.81   -1.0087e+12
795.12   -1.8442e+12
795.42   -6.6671e+11
795.72   -6.6671e+11
796.02   -1.8442e+12
796.32   -2.1485e+12
796.63   -2.1485e+12
796.93   -3.3414e+12
797.23   -4.1161e+12
797.53   -4.5537e+12
797.84   -4.9422e+12
798.14   -5.2563e+12
798.44   -5.2563e+12
798.74   -5.2563e+12
799.04   -4.9422e+12
799.35   -4.4737e+12
799.65   -4.4737e+12
799.95   -2.0062e+12
