200.34   0
200.72   0
201.1   0
201.48   0
201.85   0
202.23   0
202.61   0
202.99   -0
203.36   -0
203.74   0
204.12   0
204.5   0
204.87   -0
205.25   0
205.63   0
206   0
206.38   0
206.76   -0
207.13   0
207.51   0
207.89   0
208.27   0
208.64   0
209.02   0
209.4   0
209.77   1.4059e+10
210.15   3.0626e+10
210.53   4.0187e+10
210.9   3.0527e+11
211.28   1.0514e+12
211.66   1.5779e+12
212.03   1.9139e+12
212.41   1.9139e+12
212.79   1.9139e+12
213.16   2.3963e+12
213.54   2.7509e+12
213.92   2.7509e+12
214.29   2.7861e+12
214.67   3.0338e+12
215.04   3.3063e+12
215.42   3.5779e+12
215.8   3.5779e+12
216.17   3.5779e+12
216.55   3.6274e+12
216.93   4.0051e+12
217.3   4.3512e+12
217.68   4.3512e+12
218.06   4.3946e+12
218.43   4.4403e+12
218.81   4.4403e+12
219.18   4.6959e+12
219.56   4.9719e+12
219.93   5.0518e+12
220.31   5.1651e+12
220.69   5.3958e+12
221.06   5.6286e+12
221.44   5.7451e+12
221.81   5.7551e+12
222.19   5.9192e+12
222.56   6.0814e+12
222.94   6.1838e+12
223.32   6.3882e+12
223.69   6.5568e+12
224.07   6.5568e+12
224.44   6.6306e+12
224.82   6.7894e+12
225.19   6.7809e+12
225.57   6.7809e+12
225.94   6.9947e+12
226.32   7.4083e+12
226.69   7.7471e+12
227.07   7.7471e+12
227.44   7.6738e+12
227.82   7.7471e+12
228.19   7.7471e+12
228.57   7.7884e+12
228.94   8.2138e+12
229.32   8.27e+12
229.69   8.6789e+12
230.07   8.3136e+12
230.44   8.3136e+12
230.82   8.4145e+12
231.19   8.5532e+12
231.57   8.6789e+12
231.94   8.7821e+12
232.32   9.0003e+12
232.69   9.3095e+12
233.07   9.4445e+12
233.44   9.5469e+12
233.82   9.6041e+12
234.19   9.5469e+12
234.57   9.6619e+12
234.94   9.6619e+12
235.31   9.6012e+12
235.69   9.6012e+12
236.06   9.6012e+12
236.44   9.4651e+12
236.81   9.5144e+12
237.19   9.5144e+12
237.56   9.5144e+12
237.94   9.6707e+12
238.31   9.6707e+12
238.68   9.6707e+12
239.06   9.6973e+12
239.43   9.8089e+12
239.81   9.8089e+12
240.18   9.8231e+12
240.55   9.7178e+12
240.93   9.7178e+12
241.3   9.676e+12
241.67   9.676e+12
242.05   9.6901e+12
242.42   9.7654e+12
242.8   9.6901e+12
243.17   9.6901e+12
243.54   9.6459e+12
243.92   9.5408e+12
244.29   9.5408e+12
244.66   9.5408e+12
245.04   9.6186e+12
245.41   9.5408e+12
245.78   9.5408e+12
246.16   9.33e+12
246.53   9.099e+12
246.9   9.0298e+12
247.28   8.9466e+12
247.65   8.9466e+12
248.02   8.8832e+12
248.4   8.9466e+12
248.77   8.8814e+12
249.14   8.825e+12
249.52   8.7653e+12
249.89   8.7653e+12
250.26   8.5898e+12
250.63   8.4901e+12
251.01   8.4082e+12
251.38   8.4082e+12
251.75   8.4082e+12
252.13   8.3795e+12
252.5   8.3795e+12
252.87   8.3795e+12
253.25   8.3795e+12
253.62   8.3524e+12
253.99   8.2426e+12
254.36   8.1735e+12
254.74   8.1735e+12
255.11   8.1735e+12
255.48   8.1061e+12
255.85   8.1426e+12
256.23   8.0965e+12
256.6   8.0924e+12
256.97   8.0924e+12
257.34   8.0924e+12
257.71   8.0332e+12
258.09   7.9679e+12
258.46   7.9679e+12
258.83   8.0163e+12
259.2   8.0163e+12
259.58   7.9679e+12
259.95   7.9679e+12
260.32   7.9203e+12
260.69   7.9203e+12
261.06   7.9466e+12
261.44   8.0163e+12
261.81   7.9822e+12
262.18   7.9125e+12
262.55   7.9125e+12
262.92   7.9125e+12
263.3   7.947e+12
263.67   8.0104e+12
264.04   8.0811e+12
264.41   8.0811e+12
264.78   8.1196e+12
265.15   8.2941e+12
265.52   8.4809e+12
265.9   8.5303e+12
266.27   8.584e+12
266.64   8.6338e+12
267.01   8.6999e+12
267.38   8.7979e+12
267.75   8.9066e+12
268.12   8.9419e+12
268.5   8.9669e+12
268.87   9.1309e+12
269.24   9.3018e+12
269.61   9.3798e+12
269.98   9.462e+12
270.35   9.6338e+12
270.72   9.8893e+12
271.09   1.0025e+13
271.46   1.0045e+13
271.83   1.0255e+13
272.2   1.0474e+13
272.58   1.0501e+13
272.95   1.0524e+13
273.32   1.0745e+13
273.69   1.0902e+13
274.06   1.0962e+13
274.43   1.0962e+13
274.8   1.1005e+13
275.17   1.1064e+13
275.54   1.1218e+13
275.91   1.1395e+13
276.28   1.154e+13
276.65   1.1682e+13
277.02   1.1778e+13
277.39   1.1864e+13
277.76   1.1864e+13
278.13   1.188e+13
278.5   1.197e+13
278.87   1.2074e+13
279.25   1.2301e+13
279.62   1.2531e+13
279.99   1.2583e+13
280.36   1.2673e+13
280.73   1.2757e+13
281.1   1.2934e+13
281.46   1.2961e+13
281.83   1.2985e+13
282.2   1.2987e+13
282.57   1.3019e+13
282.94   1.3019e+13
283.31   1.3039e+13
283.68   1.3063e+13
284.05   1.3101e+13
284.42   1.3178e+13
284.79   1.3253e+13
285.16   1.3253e+13
285.53   1.3326e+13
285.9   1.3326e+13
286.27   1.326e+13
286.64   1.326e+13
287.01   1.326e+13
287.38   1.3217e+13
287.75   1.3217e+13
288.12   1.3262e+13
288.49   1.3262e+13
288.86   1.3262e+13
289.23   1.3217e+13
289.59   1.3262e+13
289.96   1.3262e+13
290.33   1.332e+13
290.7   1.3262e+13
291.07   1.3233e+13
291.44   1.3203e+13
291.81   1.3156e+13
292.18   1.311e+13
292.55   1.3077e+13
292.92   1.3077e+13
293.28   1.3053e+13
293.65   1.3053e+13
294.02   1.3018e+13
294.39   1.2946e+13
294.76   1.2879e+13
295.13   1.2761e+13
295.5   1.2648e+13
295.86   1.2608e+13
296.23   1.2549e+13
296.6   1.249e+13
296.97   1.2364e+13
297.34   1.226e+13
297.71   1.2231e+13
298.07   1.2175e+13
298.44   1.2087e+13
298.81   1.1952e+13
299.18   1.1797e+13
299.55   1.159e+13
299.92   1.1448e+13
300.28   1.1438e+13
300.65   1.1429e+13
301.02   1.136e+13
301.39   1.135e+13
301.75   1.1148e+13
302.12   1.0985e+13
302.49   1.1148e+13
302.86   1.0985e+13
303.23   1.0937e+13
303.59   1.0885e+13
303.96   1.0847e+13
304.33   1.0843e+13
304.7   1.0763e+13
305.06   1.0659e+13
305.43   1.0605e+13
305.8   1.0453e+13
306.17   1.028e+13
306.53   1.0234e+13
306.9   1.0177e+13
307.27   1.0118e+13
307.64   9.9749e+12
308   9.8909e+12
308.37   9.8445e+12
308.74   9.8171e+12
309.11   9.7747e+12
309.47   9.5282e+12
309.84   9.301e+12
310.21   9.1722e+12
310.57   9.0255e+12
310.94   9.0255e+12
311.31   8.8483e+12
311.67   8.6517e+12
312.04   8.6094e+12
312.41   8.5725e+12
312.77   8.5242e+12
313.14   8.4456e+12
313.51   8.3539e+12
313.88   8.2034e+12
314.24   8.018e+12
314.61   7.9273e+12
314.98   7.8779e+12
315.34   7.8486e+12
315.71   7.7031e+12
316.07   7.5483e+12
316.44   7.4466e+12
316.81   7.3339e+12
317.17   7.2885e+12
317.54   7.2487e+12
317.91   7.1889e+12
318.27   7.1118e+12
318.64   7.054e+12
319   7.0183e+12
319.37   6.979e+12
319.74   6.9432e+12
320.1   6.8984e+12
320.47   6.7252e+12
320.83   6.5725e+12
321.2   6.5146e+12
321.57   6.4821e+12
321.93   6.4072e+12
322.3   6.3203e+12
322.66   6.2739e+12
323.03   6.2502e+12
323.39   6.1921e+12
323.76   6.1009e+12
324.13   6.0479e+12
324.49   6.0124e+12
324.86   5.8904e+12
325.22   5.7957e+12
325.59   5.7727e+12
325.95   5.739e+12
326.32   5.6782e+12
326.69   5.6265e+12
327.05   5.6186e+12
327.42   5.6186e+12
327.78   5.5835e+12
328.15   5.5191e+12
328.51   5.5191e+12
328.88   5.4519e+12
329.24   5.3794e+12
329.61   5.3414e+12
329.97   5.3255e+12
330.34   5.2342e+12
330.7   5.1536e+12
331.07   5.1152e+12
331.43   5.0769e+12
331.8   4.9788e+12
332.16   4.9395e+12
332.52   4.8266e+12
332.89   4.767e+12
333.25   4.7433e+12
333.62   4.72e+12
333.98   4.6828e+12
334.35   4.6828e+12
334.71   4.6301e+12
335.08   4.6105e+12
335.44   4.5782e+12
335.81   4.4825e+12
336.17   4.4825e+12
336.54   4.365e+12
336.9   4.2922e+12
337.26   4.2778e+12
337.63   4.2519e+12
337.99   4.2163e+12
338.36   4.1796e+12
338.72   4.1051e+12
339.08   4.0396e+12
339.45   3.9987e+12
339.81   3.9676e+12
340.18   3.9593e+12
340.54   3.8905e+12
340.9   3.8251e+12
341.27   3.7778e+12
341.63   3.7259e+12
342   3.668e+12
342.36   3.6087e+12
342.72   3.5938e+12
343.09   3.5429e+12
343.45   3.4776e+12
343.81   3.4511e+12
344.18   3.4113e+12
344.54   3.3751e+12
344.9   3.3751e+12
345.27   3.3751e+12
345.63   3.3297e+12
345.99   3.2775e+12
346.36   3.2775e+12
346.72   3.249e+12
347.08   3.232e+12
347.45   3.2018e+12
347.81   3.1452e+12
348.17   3.1452e+12
348.54   3.1452e+12
348.9   3.1131e+12
349.26   3.0673e+12
349.62   3.0031e+12
349.99   2.9661e+12
350.35   2.9144e+12
350.71   2.9144e+12
351.08   2.9144e+12
351.44   2.9061e+12
351.8   2.8602e+12
352.16   2.7859e+12
352.53   2.7335e+12
352.89   2.7088e+12
353.25   2.6884e+12
353.61   2.6884e+12
353.98   2.6884e+12
354.34   2.6884e+12
354.7   2.6884e+12
355.06   2.6954e+12
355.43   2.6954e+12
355.79   2.6892e+12
356.15   2.6597e+12
356.51   2.6334e+12
356.88   2.6334e+12
357.24   2.6159e+12
357.6   2.5316e+12
357.96   2.4583e+12
358.32   2.4741e+12
358.69   2.4741e+12
359.05   2.4583e+12
359.41   2.4218e+12
359.77   2.3656e+12
360.13   2.3656e+12
360.49   2.3392e+12
360.86   2.3265e+12
361.22   2.2812e+12
361.58   2.269e+12
361.94   2.1876e+12
362.3   2.1193e+12
362.66   2.1193e+12
363.03   2.1193e+12
363.39   2.1222e+12
363.75   2.1188e+12
364.11   2.1222e+12
364.47   2.1671e+12
364.83   2.1812e+12
365.19   2.1591e+12
365.56   2.1904e+12
365.92   2.1904e+12
366.28   2.2146e+12
366.64   2.1594e+12
367   2.2149e+12
367.36   2.2478e+12
367.72   2.2012e+12
368.08   2.1594e+12
368.44   2.2012e+12
368.8   2.2478e+12
369.17   2.2029e+12
369.53   2.2478e+12
369.89   2.2478e+12
370.25   2.2788e+12
370.61   2.2982e+12
370.97   2.2982e+12
371.33   2.2982e+12
371.69   2.2982e+12
372.05   2.2339e+12
372.41   2.2339e+12
372.77   2.224e+12
373.13   2.174e+12
373.49   2.1267e+12
373.85   2.1267e+12
374.21   2.094e+12
374.57   2.0994e+12
374.93   2.092e+12
375.29   2.0994e+12
375.65   2.092e+12
376.01   2.046e+12
376.37   2.0417e+12
376.73   2.0044e+12
377.09   2.0044e+12
377.45   2.0002e+12
377.81   2.0002e+12
378.17   1.9516e+12
378.53   1.9516e+12
378.89   1.9172e+12
379.25   1.9172e+12
379.61   1.9626e+12
379.97   1.9626e+12
380.33   1.9626e+12
380.69   1.9031e+12
381.05   1.9232e+12
381.41   1.9232e+12
381.77   1.9474e+12
382.13   1.9528e+12
382.49   1.9528e+12
382.85   1.9286e+12
383.21   1.9282e+12
383.57   1.9127e+12
383.93   1.8943e+12
384.29   1.9127e+12
384.64   1.9226e+12
385   1.9222e+12
385.36   1.8974e+12
385.72   1.8974e+12
386.08   1.8974e+12
386.44   1.8974e+12
386.8   1.8668e+12
387.16   1.8927e+12
387.52   1.8927e+12
387.88   1.8668e+12
388.23   1.8464e+12
388.59   1.8145e+12
388.95   1.8145e+12
389.31   1.8014e+12
389.67   1.8321e+12
390.03   1.8321e+12
390.38   1.8014e+12
390.74   1.8014e+12
391.1   1.8333e+12
391.46   1.8516e+12
391.82   1.8373e+12
392.18   1.8373e+12
392.54   1.7906e+12
392.89   1.7767e+12
393.25   1.7767e+12
393.61   1.8084e+12
393.97   1.8406e+12
394.33   1.8084e+12
394.68   1.8084e+12
395.04   1.8084e+12
395.4   1.8084e+12
395.76   1.8305e+12
396.12   1.8305e+12
396.47   1.842e+12
396.83   1.842e+12
397.19   1.806e+12
397.55   1.7724e+12
397.9   1.7724e+12
398.26   1.7602e+12
398.62   1.7344e+12
398.98   1.6937e+12
399.33   1.6061e+12
399.69   1.5391e+12
400.05   1.5239e+12
400.41   1.4838e+12
400.76   1.4565e+12
401.12   1.4565e+12
401.48   1.4565e+12
401.84   1.4695e+12
402.19   1.4965e+12
402.55   1.5261e+12
402.91   1.5083e+12
403.26   1.494e+12
403.62   1.5371e+12
403.98   1.5371e+12
404.34   1.5371e+12
404.69   1.4949e+12
405.05   1.4831e+12
405.41   1.4949e+12
405.76   1.4949e+12
406.12   1.4786e+12
406.48   1.4698e+12
406.83   1.4786e+12
407.19   1.4698e+12
407.55   1.4396e+12
407.9   1.4357e+12
408.26   1.4357e+12
408.62   1.3854e+12
408.97   1.3693e+12
409.33   1.3648e+12
409.69   1.3684e+12
410.04   1.3436e+12
410.4   1.3436e+12
410.75   1.3684e+12
411.11   1.4121e+12
411.47   1.4121e+12
411.82   1.3684e+12
412.18   1.3526e+12
412.53   1.3918e+12
412.89   1.4533e+12
413.25   1.4605e+12
413.6   1.4605e+12
413.96   1.399e+12
414.31   1.3277e+12
414.67   1.3277e+12
415.02   1.3277e+12
415.38   1.3151e+12
415.74   1.2763e+12
416.09   1.2526e+12
416.45   1.246e+12
416.8   1.246e+12
417.16   1.246e+12
417.51   1.246e+12
417.87   1.246e+12
418.23   1.2264e+12
418.58   1.1887e+12
418.94   1.1887e+12
419.29   1.1616e+12
419.65   1.1569e+12
420   1.15e+12
420.36   1.15e+12
420.71   1.1713e+12
421.07   1.1713e+12
421.42   1.1923e+12
421.78   1.1923e+12
422.13   1.2237e+12
422.49   1.2168e+12
422.84   1.2168e+12
423.2   1.2168e+12
423.55   1.2346e+12
423.91   1.2346e+12
424.26   1.2346e+12
424.62   1.2005e+12
424.97   1.1558e+12
425.32   1.1339e+12
425.68   1.1242e+12
426.03   1.1168e+12
426.39   1.1242e+12
426.74   1.1168e+12
427.1   1.1024e+12
427.45   1.1024e+12
427.81   1.1102e+12
428.16   1.1102e+12
428.51   1.1025e+12
428.87   1.1e+12
429.22   1.1058e+12
429.58   1.1e+12
429.93   1.0947e+12
430.28   1.0681e+12
430.64   1.0681e+12
430.99   1.0681e+12
431.35   1.0115e+12
431.7   1.0012e+12
432.05   1.0012e+12
432.41   9.6036e+11
432.76   9.4837e+11
433.11   9.3413e+11
433.47   9.0643e+11
433.82   9.0643e+11
434.18   9.2067e+11
434.53   9.2067e+11
434.88   9.7987e+11
435.24   9.924e+11
435.59   9.7035e+11
435.94   9.6251e+11
436.3   9.6251e+11
436.65   9.6251e+11
437   9.6251e+11
437.36   8.9731e+11
437.71   8.6783e+11
438.06   8.6783e+11
438.41   8.5054e+11
438.77   8.4748e+11
439.12   8.5054e+11
439.47   8.4748e+11
439.83   8.4237e+11
440.18   8.4942e+11
440.53   8.6404e+11
440.88   8.6098e+11
441.24   8.4237e+11
441.59   8.1877e+11
441.94   8.1877e+11
442.3   7.7749e+11
442.65   7.4218e+11
443   7.3224e+11
443.35   7.7749e+11
443.7   7.7309e+11
444.06   7.7309e+11
444.41   7.8253e+11
444.76   7.8253e+11
445.11   7.6524e+11
445.47   7.423e+11
445.82   7.4891e+11
446.17   7.5235e+11
446.52   7.5235e+11
446.88   7.3224e+11
447.23   7.1291e+11
447.58   6.6836e+11
447.93   6.3436e+11
448.28   6.148e+11
448.63   6.3436e+11
448.99   6.3436e+11
449.34   6.1797e+11
449.69   5.9457e+11
450.04   5.9457e+11
450.39   5.9457e+11
450.75   5.9457e+11
451.1   5.9457e+11
451.45   6.143e+11
451.8   6.143e+11
452.15   6.143e+11
452.5   6.0158e+11
452.85   6.0896e+11
453.2   6.4886e+11
453.56   6.4886e+11
453.91   6.6954e+11
454.26   6.6954e+11
454.61   6.2964e+11
454.96   6.2423e+11
455.31   6.2423e+11
455.66   6.2191e+11
456.01   6.3867e+11
456.37   6.3867e+11
456.72   6.1109e+11
457.07   6.2778e+11
457.42   6.0911e+11
457.77   6.0911e+11
458.12   6.0053e+11
458.47   6.0053e+11
458.82   6.2778e+11
459.17   6.2555e+11
459.52   6.2555e+11
459.87   6.0029e+11
460.22   6.0029e+11
460.57   5.3558e+11
460.92   4.8301e+11
461.27   4.8301e+11
461.62   4.8301e+11
461.97   4.6079e+11
462.32   4.5055e+11
462.68   4.5055e+11
463.02   4.5055e+11
463.38   4.5055e+11
463.73   3.9082e+11
464.07   3.4076e+11
464.43   3.4076e+11
464.77   3.9959e+11
465.12   4.7033e+11
465.48   5.0358e+11
465.82   5.3444e+11
466.17   5.3171e+11
466.52   5.1656e+11
466.87   5.0358e+11
467.22   5.0358e+11
467.57   5.0358e+11
467.92   5.0816e+11
468.27   5.0816e+11
468.62   4.2622e+11
468.97   3.9908e+11
469.32   3.9908e+11
469.67   3.9908e+11
470.02   3.2969e+11
470.37   3.6751e+11
470.72   3.8081e+11
471.07   3.8081e+11
471.42   3.4906e+11
471.76   3.8081e+11
472.11   3.9304e+11
472.46   3.9304e+11
472.81   3.8081e+11
473.16   3.8081e+11
473.51   3.9052e+11
473.86   3.8859e+11
474.21   3.7446e+11
474.56   4.0082e+11
474.9   4.0082e+11
475.25   3.7446e+11
475.6   3.7446e+11
475.95   3.5924e+11
476.3   3.7479e+11
476.65   3.2307e+11
477   3.1307e+11
477.35   3.5784e+11
477.69   3.5784e+11
478.04   3.2466e+11
478.39   3.2466e+11
478.74   3.3134e+11
479.09   3.3134e+11
479.43   3.3134e+11
479.78   3.0815e+11
480.13   3.0815e+11
480.48   2.9931e+11
480.83   2.9931e+11
481.18   2.9489e+11
481.52   3.06e+11
481.87   3.1541e+11
482.22   3.2318e+11
482.57   3.0657e+11
482.91   3.0657e+11
483.26   3.2318e+11
483.61   3.2318e+11
483.96   3.2318e+11
484.3   3.0934e+11
484.65   2.9343e+11
485   2.5451e+11
485.35   2.514e+11
485.69   2.4222e+11
486.04   2.514e+11
486.39   2.514e+11
486.74   2.514e+11
487.08   2.514e+11
487.43   2.4224e+11
487.78   2.4421e+11
488.12   2.5369e+11
488.47   2.8058e+11
488.82   2.9837e+11
489.17   3.1113e+11
489.51   2.9837e+11
489.86   3.0857e+11
490.21   2.9078e+11
490.55   2.9078e+11
490.9   2.9078e+11
491.25   2.7301e+11
491.59   2.7303e+11
491.94   2.7303e+11
492.29   2.7303e+11
492.63   2.666e+11
492.98   2.7303e+11
493.33   2.666e+11
493.67   2.7303e+11
494.02   2.7303e+11
494.37   2.7267e+11
494.71   2.7267e+11
495.06   2.6624e+11
495.4   2.5305e+11
495.75   2.3027e+11
496.1   2.1601e+11
496.44   2.1601e+11
496.79   2.1786e+11
497.13   2.0635e+11
497.48   1.9723e+11
497.83   1.9723e+11
498.17   1.9723e+11
498.52   1.9723e+11
498.86   2.0226e+11
499.21   2.1426e+11
499.56   2.1426e+11
499.9   2.1426e+11
500.25   2.0116e+11
500.59   2.5082e+11
500.94   2.5578e+11
501.28   2.2113e+11
501.63   2.5523e+11
501.97   2.6863e+11
502.32   2.3797e+11
502.67   2.3797e+11
503.01   2.6862e+11
503.36   2.5191e+11
503.7   2.6233e+11
504.05   2.6233e+11
504.39   2.6233e+11
504.74   2.7903e+11
505.08   2.7903e+11
505.43   3.0026e+11
505.77   3.0026e+11
506.12   2.8105e+11
506.46   2.7502e+11
506.81   2.7502e+11
507.15   2.7502e+11
507.5   2.7502e+11
507.84   2.8005e+11
508.18   2.7502e+11
508.53   2.7502e+11
508.87   2.6302e+11
509.22   2.6425e+11
509.56   2.3282e+11
509.91   2.4557e+11
510.25   2.4557e+11
510.6   2.4557e+11
510.94   2.1299e+11
511.28   2.1299e+11
511.63   2.4511e+11
511.97   2.3764e+11
512.32   2.6936e+11
512.66   2.6936e+11
513   2.6936e+11
513.35   2.3982e+11
513.69   2.6936e+11
514.04   2.9454e+11
514.38   2.9454e+11
514.72   3.1767e+11
515.07   2.9036e+11
515.41   3.1767e+11
515.75   3.2463e+11
516.1   3.0279e+11
516.44   3.2463e+11
516.79   3.4134e+11
517.13   3.2463e+11
517.47   3.1517e+11
517.82   3.4134e+11
518.16   3.195e+11
518.5   3.195e+11
518.85   3.1673e+11
519.19   3.079e+11
519.53   2.9181e+11
519.88   2.9181e+11
520.22   2.5401e+11
520.56   2.9181e+11
520.9   3.3131e+11
521.25   3.2784e+11
521.59   3.2784e+11
521.93   3.3666e+11
522.28   3.4564e+11
522.62   3.4564e+11
522.96   3.4564e+11
523.3   3.3988e+11
523.65   3.5233e+11
523.99   3.6615e+11
524.33   3.6615e+11
524.67   3.6725e+11
525.02   3.9983e+11
525.36   3.6729e+11
525.7   3.6532e+11
526.04   3.6532e+11
526.39   3.6532e+11
526.73   3.9786e+11
527.07   3.9786e+11
527.41   3.9786e+11
527.76   3.894e+11
528.1   4.1456e+11
528.44   3.894e+11
528.78   3.894e+11
529.12   4.1449e+11
529.47   4.3204e+11
529.81   4.4869e+11
530.15   4.6374e+11
530.49   4.5058e+11
530.83   4.5058e+11
531.18   4.5058e+11
531.52   4.7156e+11
531.86   4.8473e+11
532.2   4.9764e+11
532.54   5.0875e+11
532.88   5.3528e+11
533.23   5.5225e+11
533.57   5.5532e+11
533.91   5.5871e+11
534.25   5.7807e+11
534.59   5.7807e+11
534.93   5.5916e+11
535.27   5.7618e+11
535.61   5.7559e+11
535.96   5.7559e+11
536.3   5.7559e+11
536.64   6.0029e+11
536.98   6.1415e+11
537.32   6.0029e+11
537.66   5.7559e+11
538   6.0029e+11
538.34   6.1415e+11
538.68   6.169e+11
539.02   6.2854e+11
539.36   6.2854e+11
539.7   6.554e+11
540.04   6.9516e+11
540.38   6.791e+11
540.73   7.002e+11
541.07   7.1809e+11
541.41   7.3166e+11
541.75   7.4456e+11
542.09   7.4937e+11
542.43   7.5594e+11
542.77   7.5952e+11
543.11   7.6907e+11
543.45   7.8497e+11
543.79   7.8497e+11
544.13   7.9408e+11
544.47   7.9828e+11
544.81   8.1376e+11
545.15   8.3687e+11
545.49   8.3687e+11
545.83   8.3687e+11
546.17   8.7532e+11
546.51   8.7532e+11
546.85   8.7532e+11
547.19   9.0637e+11
547.53   9.0637e+11
547.87   9.1684e+11
548.21   9.1912e+11
548.54   9.1912e+11
548.88   9.1684e+11
549.22   9.1912e+11
549.56   9.1912e+11
549.9   9.2708e+11
550.24   9.7796e+11
550.58   9.779e+11
550.92   9.779e+11
551.26   9.779e+11
551.6   1.0374e+12
551.94   1.0379e+12
552.28   1.0721e+12
552.62   1.0961e+12
552.95   1.0961e+12
553.29   1.0961e+12
553.63   1.1185e+12
553.97   1.1408e+12
554.31   1.1629e+12
554.65   1.1822e+12
554.99   1.1822e+12
555.33   1.2056e+12
555.66   1.26e+12
556   1.26e+12
556.34   1.26e+12
556.68   1.26e+12
557.02   1.26e+12
557.36   1.2955e+12
557.69   1.3012e+12
558.03   1.3121e+12
558.37   1.3121e+12
558.71   1.3466e+12
559.05   1.3898e+12
559.38   1.4397e+12
559.72   1.4839e+12
560.06   1.4839e+12
560.4   1.5002e+12
560.74   1.5334e+12
561.07   1.5325e+12
561.41   1.5325e+12
561.75   1.5653e+12
562.09   1.5788e+12
562.42   1.5852e+12
562.76   1.5892e+12
563.1   1.5991e+12
563.44   1.5991e+12
563.77   1.6008e+12
564.11   1.6157e+12
564.45   1.6736e+12
564.79   1.7546e+12
565.12   1.8145e+12
565.46   1.8618e+12
565.8   1.8833e+12
566.14   1.8986e+12
566.47   1.9253e+12
566.81   1.9576e+12
567.15   1.9795e+12
567.48   1.9994e+12
567.82   2.0267e+12
568.16   2.0634e+12
568.5   2.0634e+12
568.83   2.0918e+12
569.17   2.11e+12
569.5   2.1261e+12
569.84   2.1454e+12
570.18   2.1454e+12
570.51   2.1785e+12
570.85   2.2261e+12
571.19   2.2631e+12
571.52   2.2631e+12
571.86   2.2828e+12
572.2   2.3424e+12
572.53   2.4086e+12
572.87   2.4644e+12
573.21   2.5147e+12
573.54   2.5413e+12
573.88   2.5413e+12
574.21   2.5838e+12
574.55   2.6351e+12
574.89   2.6596e+12
575.22   2.6711e+12
575.56   2.6837e+12
575.89   2.6885e+12
576.23   2.7014e+12
576.57   2.7158e+12
576.9   2.7158e+12
577.24   2.7158e+12
577.57   2.718e+12
577.91   2.7821e+12
578.24   2.8497e+12
578.58   2.8683e+12
578.91   2.8896e+12
579.25   2.966e+12
579.59   3.0618e+12
579.92   3.0964e+12
580.26   3.1082e+12
580.59   3.1161e+12
580.93   3.1213e+12
581.26   3.1394e+12
581.6   3.1767e+12
581.93   3.2172e+12
582.27   3.2172e+12
582.6   3.3262e+12
582.94   3.4162e+12
583.27   3.4217e+12
583.61   3.4387e+12
583.94   3.4577e+12
584.27   3.4677e+12
584.61   3.4803e+12
584.95   3.5027e+12
585.28   3.5261e+12
585.61   3.5451e+12
585.95   3.5744e+12
586.28   3.5984e+12
586.62   3.606e+12
586.95   3.6115e+12
587.29   3.6623e+12
587.62   3.7149e+12
587.95   3.7326e+12
588.29   3.8145e+12
588.62   3.9004e+12
588.96   3.9313e+12
589.29   3.9559e+12
589.62   3.9728e+12
589.96   4.0084e+12
590.29   4.0084e+12
590.63   4.0448e+12
590.96   4.0552e+12
591.29   4.0852e+12
591.63   4.0852e+12
591.96   4.1153e+12
592.29   4.1153e+12
592.63   4.1529e+12
592.96   4.2294e+12
593.29   4.2757e+12
593.63   4.295e+12
593.96   4.3433e+12
594.3   4.4023e+12
594.63   4.4517e+12
594.96   4.5421e+12
595.29   4.5421e+12
595.63   4.6136e+12
595.96   4.6459e+12
596.29   4.6758e+12
596.63   4.6883e+12
596.96   4.7051e+12
597.29   4.7162e+12
597.63   4.7903e+12
597.96   4.8239e+12
598.29   4.8677e+12
598.62   4.8818e+12
598.96   4.8818e+12
599.29   4.9032e+12
599.62   4.9366e+12
599.96   4.9572e+12
600.29   4.9728e+12
600.62   4.9728e+12
600.95   5.0115e+12
601.29   5.0115e+12
601.62   4.9728e+12
601.95   5.0157e+12
602.28   4.9572e+12
602.62   5.0137e+12
602.95   5.0848e+12
603.28   5.0899e+12
603.61   5.0956e+12
603.94   5.1217e+12
604.27   5.1823e+12
604.61   5.2596e+12
604.94   5.2596e+12
605.27   5.2596e+12
605.6   5.2825e+12
605.93   5.3004e+12
606.27   5.3099e+12
606.6   5.3099e+12
606.93   5.317e+12
607.26   5.3302e+12
607.59   5.344e+12
607.92   5.3636e+12
608.25   5.3887e+12
608.59   5.3974e+12
608.92   5.4478e+12
609.25   5.3974e+12
609.58   5.4478e+12
609.91   5.4987e+12
610.24   5.5199e+12
610.57   5.5199e+12
610.9   5.527e+12
611.24   5.527e+12
611.57   5.527e+12
611.9   5.5755e+12
612.23   5.6432e+12
612.56   5.7254e+12
612.89   5.7254e+12
613.22   5.791e+12
613.55   5.791e+12
613.88   5.8262e+12
614.21   5.8451e+12
614.54   5.8451e+12
614.87   5.8451e+12
615.2   5.8262e+12
615.53   5.8253e+12
615.87   5.8253e+12
616.2   5.8253e+12
616.53   5.8078e+12
616.86   5.7966e+12
617.19   5.7966e+12
617.52   5.7966e+12
617.85   5.7966e+12
618.18   5.7989e+12
618.51   5.8466e+12
618.84   5.8354e+12
619.17   5.7655e+12
619.5   5.8132e+12
619.83   5.9034e+12
620.16   5.9034e+12
620.49   5.7682e+12
620.82   5.7682e+12
621.14   5.7682e+12
621.47   5.7423e+12
621.8   5.7423e+12
622.13   5.8706e+12
622.46   5.8708e+12
622.79   5.8314e+12
623.12   5.8017e+12
623.45   5.8314e+12
623.78   5.8314e+12
624.11   5.8314e+12
624.44   5.8361e+12
624.77   5.8894e+12
625.1   5.8545e+12
625.42   5.8545e+12
625.75   5.9033e+12
626.08   5.9033e+12
626.41   5.9033e+12
626.74   5.9367e+12
627.07   5.9367e+12
627.4   5.9367e+12
627.73   5.9367e+12
628.06   5.9397e+12
628.38   5.9397e+12
628.71   5.9397e+12
629.04   5.9541e+12
629.37   5.9541e+12
629.7   5.9541e+12
630.03   6.017e+12
630.36   6.0699e+12
630.68   6.0699e+12
631.01   6.0415e+12
631.34   5.9852e+12
631.67   6.0415e+12
632   5.9852e+12
632.32   5.962e+12
632.65   5.962e+12
632.98   5.9852e+12
633.31   5.9852e+12
633.64   5.962e+12
633.96   5.9552e+12
634.29   5.9421e+12
634.62   5.927e+12
634.95   5.8804e+12
635.27   5.8804e+12
635.6   5.8174e+12
635.93   5.8684e+12
636.26   5.8174e+12
636.58   5.7652e+12
636.91   5.8166e+12
637.24   5.7652e+12
637.57   5.7652e+12
637.89   5.7652e+12
638.22   5.781e+12
638.55   5.7473e+12
638.88   5.7296e+12
639.2   5.6759e+12
639.53   5.6759e+12
639.86   5.6723e+12
640.18   5.6421e+12
640.51   5.6634e+12
640.84   5.6634e+12
641.16   5.6634e+12
641.49   5.6084e+12
641.82   5.6037e+12
642.14   5.5653e+12
642.47   5.5429e+12
642.8   5.5653e+12
643.12   5.6169e+12
643.45   5.608e+12
643.78   5.5039e+12
644.1   5.4821e+12
644.43   5.4329e+12
644.75   5.4326e+12
645.08   5.4502e+12
645.41   5.4316e+12
645.73   5.4316e+12
646.06   5.4316e+12
646.38   5.4316e+12
646.71   5.4316e+12
647.04   5.4689e+12
647.36   5.4362e+12
647.69   5.4582e+12
648.01   5.4582e+12
648.34   5.4452e+12
648.67   5.4452e+12
648.99   5.4003e+12
649.32   5.344e+12
649.64   5.2864e+12
649.97   5.3362e+12
650.29   5.2864e+12
650.62   5.259e+12
650.94   5.2394e+12
651.27   5.2394e+12
651.6   5.1756e+12
651.92   5.1756e+12
652.25   5.1756e+12
652.57   5.1756e+12
652.89   5.2394e+12
653.22   5.2026e+12
653.54   5.2026e+12
653.87   5.1383e+12
654.2   5.0845e+12
654.52   5.061e+12
654.85   5.061e+12
655.17   5.061e+12
655.49   4.961e+12
655.82   4.8448e+12
656.14   4.8244e+12
656.47   4.8244e+12
656.79   4.8244e+12
657.12   4.8244e+12
657.44   4.8244e+12
657.77   4.8244e+12
658.09   4.7466e+12
658.41   4.8244e+12
658.74   4.8244e+12
659.06   4.8117e+12
659.39   4.7305e+12
659.71   4.6568e+12
660.03   4.6125e+12
660.36   4.6125e+12
660.68   4.6318e+12
661.01   4.6318e+12
661.33   4.6318e+12
661.65   4.537e+12
661.98   4.5173e+12
662.3   4.5173e+12
662.62   4.4142e+12
662.95   4.4789e+12
663.27   4.5586e+12
663.6   4.4552e+12
663.92   4.4552e+12
664.24   4.4997e+12
664.57   4.5586e+12
664.89   4.5586e+12
665.21   4.4997e+12
665.54   4.4196e+12
665.86   4.4196e+12
666.18   4.4196e+12
666.5   4.4196e+12
666.83   4.4727e+12
667.15   4.3444e+12
667.47   4.2138e+12
667.8   4.2138e+12
668.12   4.3421e+12
668.44   4.3421e+12
668.76   4.3421e+12
669.09   4.3421e+12
669.41   4.2913e+12
669.73   4.2913e+12
670.06   4.1539e+12
670.38   4.1086e+12
670.7   4.0517e+12
671.02   4.0125e+12
671.35   3.9738e+12
671.67   4.0125e+12
671.99   4.0125e+12
672.31   4.0517e+12
672.63   3.9971e+12
672.96   3.9971e+12
673.28   3.9816e+12
673.6   3.9816e+12
673.92   3.9511e+12
674.24   3.9511e+12
674.57   3.9816e+12
674.89   3.9816e+12
675.21   3.9816e+12
675.53   3.9633e+12
675.85   3.9325e+12
676.17   3.8421e+12
676.5   3.7493e+12
676.82   3.7493e+12
677.14   3.7493e+12
677.46   3.7678e+12
677.78   3.6902e+12
678.1   3.569e+12
678.42   3.4841e+12
678.75   3.569e+12
679.07   3.569e+12
679.39   3.6708e+12
679.71   3.569e+12
680.03   3.6332e+12
680.35   3.4777e+12
680.67   3.3201e+12
680.99   3.3201e+12
681.31   3.3503e+12
681.63   3.4138e+12
681.96   3.4138e+12
682.28   3.4897e+12
682.6   3.4138e+12
682.92   3.4138e+12
683.24   3.2982e+12
683.56   3.2981e+12
683.88   3.314e+12
684.2   3.2483e+12
684.52   3.2115e+12
684.84   3.1721e+12
685.16   3.1721e+12
685.48   3.1702e+12
685.8   3.1702e+12
686.12   3.1834e+12
686.44   3.1834e+12
686.76   3.1834e+12
687.08   3.1834e+12
687.4   3.1834e+12
687.72   3.1834e+12
688.04   3.1999e+12
688.36   3.1834e+12
688.68   3.1963e+12
689   3.169e+12
689.32   3.1381e+12
689.64   3.0177e+12
689.96   2.9079e+12
690.28   2.9079e+12
690.6   2.9227e+12
690.92   2.9227e+12
691.24   2.8051e+12
691.56   2.7389e+12
691.88   2.6875e+12
692.19   2.6875e+12
692.51   2.7389e+12
692.83   2.7389e+12
693.15   2.7389e+12
693.47   2.7389e+12
693.79   2.6196e+12
694.11   2.647e+12
694.43   2.7309e+12
694.75   2.5663e+12
695.07   2.5663e+12
695.38   2.462e+12
695.7   2.4438e+12
696.02   2.4687e+12
696.34   2.4687e+12
696.66   2.4438e+12
696.98   2.4109e+12
697.29   2.4109e+12
697.61   2.4109e+12
697.93   2.4668e+12
698.25   2.485e+12
698.57   2.4668e+12
698.89   2.5014e+12
699.2   2.4272e+12
699.52   2.4272e+12
699.84   2.5047e+12
700.16   2.5047e+12
700.48   2.5047e+12
700.79   2.4487e+12
701.11   2.3198e+12
701.43   2.2443e+12
701.75   2.2072e+12
702.07   2.1488e+12
702.38   2.1488e+12
702.7   2.1727e+12
703.02   2.1727e+12
703.34   2.2553e+12
703.65   2.1727e+12
703.97   2.2553e+12
704.29   2.3256e+12
704.61   2.3256e+12
704.92   2.4824e+12
705.24   2.5887e+12
705.56   2.6245e+12
705.87   2.6395e+12
706.19   2.6049e+12
706.51   2.5719e+12
706.83   2.5719e+12
707.14   2.4986e+12
707.46   2.3815e+12
707.77   2.4667e+12
708.09   2.2217e+12
708.41   2.0205e+12
708.73   1.9223e+12
709.04   1.9003e+12
709.36   1.9003e+12
709.67   1.9223e+12
709.99   2.0072e+12
710.31   2.0038e+12
710.62   2.0038e+12
710.94   1.8739e+12
711.26   1.8739e+12
711.57   1.9049e+12
711.89   1.9049e+12
712.21   1.9049e+12
712.52   1.8429e+12
712.84   1.8429e+12
713.15   1.8429e+12
713.47   1.7192e+12
713.78   1.7502e+12
714.1   1.7502e+12
714.42   1.7105e+12
714.73   1.7105e+12
715.05   1.8045e+12
715.36   1.8045e+12
715.68   1.8045e+12
716   1.6364e+12
716.31   1.4448e+12
716.63   1.3812e+12
716.94   1.3649e+12
717.26   1.2337e+12
717.57   1.2337e+12
717.89   1.2337e+12
718.2   1.2337e+12
718.52   1.2116e+12
718.83   1.2116e+12
719.15   1.3993e+12
719.46   1.4563e+12
719.78   1.5817e+12
720.09   1.5817e+12
720.41   1.5817e+12
720.72   1.4563e+12
721.04   1.5817e+12
721.35   1.4652e+12
721.67   1.563e+12
721.98   1.562e+12
722.29   1.562e+12
722.61   1.3682e+12
722.92   1.2704e+12
723.24   1.3682e+12
723.55   1.562e+12
723.87   1.7752e+12
724.18   1.628e+12
724.5   1.628e+12
724.81   1.628e+12
725.12   1.7346e+12
725.44   1.5529e+12
725.75   1.5529e+12
726.07   1.5529e+12
726.38   1.5183e+12
726.69   1.3921e+12
727.01   1.3921e+12
727.32   1.2749e+12
727.63   1.2749e+12
727.95   1.401e+12
728.26   1.401e+12
728.58   1.401e+12
728.89   1.4203e+12
729.2   1.4203e+12
729.52   1.303e+12
729.83   1.303e+12
730.14   1.2725e+12
730.46   1.2918e+12
730.77   1.2918e+12
731.08   8.1008e+11
731.39   7.8987e+11
731.71   9.1763e+11
732.02   4.8653e+11
732.33   3.4272e+11
732.65   4.4846e+11
732.96   5.189e+11
733.27   5.9227e+11
733.59   5.189e+11
733.9   5.189e+11
734.21   5.9227e+11
734.52   5.189e+11
734.84   5.189e+11
735.15   6.3212e+11
735.46   7.9487e+11
735.77   9.6627e+11
736.09   9.6627e+11
736.4   9.6627e+11
736.71   1.2161e+12
737.02   1.2161e+12
737.33   1.023e+12
737.65   1.023e+12
737.96   1.0132e+12
738.27   1.0132e+12
738.58   1.0132e+12
738.89   1.0132e+12
739.21   1.0132e+12
739.52   1.0132e+12
739.83   1.0132e+12
740.14   1.0132e+12
740.45   9.674e+11
740.76   1.1155e+12
741.08   1.0658e+12
741.39   8.5249e+11
741.7   6.7362e+11
742.01   6.7362e+11
742.32   1.0006e+12
742.63   6.7362e+11
742.94   6.7362e+11
743.25   9.5979e+11
743.57   8.4607e+11
743.88   6.8211e+11
744.19   9.6786e+11
744.5   9.6786e+11
744.81   9.6786e+11
745.12   8.2636e+11
745.43   4.623e+11
745.74   8.2636e+11
746.05   8.2636e+11
746.36   8.2636e+11
746.67   9.8991e+11
746.99   9.8991e+11
747.3   6.0746e+11
747.61   6.0746e+11
747.92   6.0746e+11
748.23   7.6369e+11
748.54   7.6369e+11
748.85   6.8368e+11
749.16   3.1382e+11
749.47   3.1382e+11
749.78   1.9645e+11
750.09   1.9645e+11
750.4   1.9645e+11
750.71   4.9564e+11
751.02   7.5026e+11
751.33   6.8083e+11
751.64   7.5026e+11
751.95   7.5026e+11
752.26   7.5026e+11
752.57   9.5123e+11
752.88   9.5123e+11
753.19   7.0092e+11
753.5   7.0092e+11
753.8   3.5244e+11
754.12   3.9499e+10
754.42   -1.1284e+10
754.73   -1.1284e+10
755.04   -4.5067e+11
755.35   -4.5067e+11
755.66   -4.5428e+11
755.97   -4.5428e+11
756.28   -1.1093e+11
756.59   -1.1093e+11
756.9   3.0145e+11
757.21   3.0145e+11
757.51   3.0145e+11
757.82   3.0145e+11
758.13   7.3158e+11
758.44   7.3158e+11
758.75   8.208e+11
759.06   8.208e+11
759.37   8.5856e+11
759.68   8.208e+11
759.98   8.208e+11
760.29   8.5856e+11
760.6   8.5856e+11
760.91   8.5856e+11
761.22   8.5451e+11
761.53   8.5451e+11
761.83   6.0237e+11
762.14   1.3451e+11
762.45   -1.7502e+11
762.76   -4.1565e+11
763.07   -4.1565e+11
763.37   -4.1565e+11
763.68   -4.1565e+11
763.99   -4.3713e+11
764.3   -8.0763e+11
764.61   -8.0763e+11
764.91   -4.3713e+11
765.22   2.6138e+11
765.53   2.6138e+11
765.84   2.6138e+11
766.14   2.6138e+11
766.45   2.6138e+11
766.76   2.6138e+11
767.06   7.6143e+11
767.37   7.6143e+11
767.68   3.2317e+11
767.99   -2.1123e+11
768.29   -3.1382e+11
768.6   -2.1123e+11
768.91   -2.1123e+11
769.21   1.5825e+11
769.52   1.5825e+11
769.83   -2.0317e+11
770.13   -2.4892e+11
770.44   -2.0087e+11
770.75   1.5825e+11
771.05   1.125e+11
771.36   3.9981e+11
771.67   4.0733e+11
771.97   5.151e+11
772.28   5.151e+11
772.59   4.3577e+11
772.89   4.3577e+11
773.2   4.3577e+11
773.51   5.6356e+11
773.81   7.3305e+11
774.12   7.3305e+11
774.42   6.3354e+11
774.73   1.3324e+11
775.04   1.3324e+11
775.34   1.3324e+11
775.65   3.8991e+11
775.95   3.8991e+11
776.26   3.8991e+11
776.57   3.8991e+11
776.87   -1.9321e+10
777.18   3.8991e+11
777.48   3.8991e+11
777.79   4.0326e+10
778.09   -6.2025e+11
778.4   -6.2025e+11
778.7   -8.3833e+11
779.01   -6.2025e+11
779.31   -6.2025e+11
779.62   -6.2025e+11
779.92   -4.3968e+11
780.23   -4.3968e+11
780.53   -4.9827e+11
780.84   -1.9405e+11
781.14   -1.9405e+11
781.45   4.5671e+10
781.75   6.004e+11
782.06   6.004e+11
782.36   6.004e+11
782.67   6.004e+11
782.97   6.5478e+11
783.28   2.7845e+11
783.58   6.5478e+11
783.89   5.2418e+11
784.19   9.4796e+11
784.5   5.7164e+11
784.8   5.7164e+11
785.1   5.7164e+11
785.41   -5.827e+11
785.71   -2.3337e+12
786.02   -2.3337e+12
786.32   -2.3337e+12
786.62   -2.975e+12
786.93   -3.6778e+12
787.23   -3.6778e+12
787.53   -3.6778e+12
787.84   -3.6778e+12
788.14   -2.3435e+12
788.45   -2.3435e+12
788.75   -2.2717e+12
789.05   -1.0661e+12
789.36   1.6663e+12
789.66   1.6663e+12
789.96   1.6663e+12
790.27   2.5615e+12
790.57   1.3179e+12
790.87   -3.9062e+10
791.18   -3.9062e+10
791.48   -3.9062e+10
791.78   -3.9062e+10
792.09   -5.5618e+11
792.39   -5.5618e+11
792.69   -3.9062e+10
793   1.5535e+12
793.3   -4.6444e+10
793.6   -2.9119e+10
793.9   1.077e+12
794.21   1.077e+12
794.51   1.077e+12
794.81   1.077e+12
795.12   1.077e+12
795.42   1.5709e+11
795.72   -1.9502e+11
796.02   -5.2552e+11
796.32   -5.2552e+11
796.63   -5.2552e+11
796.93   -5.2552e+11
797.23   -7.2485e+11
797.53   -7.2485e+11
797.84   -7.2485e+11
798.14   -1.4894e+12
798.44   -1.4894e+12
798.74   -2.1522e+12
799.04   -1.3621e+12
799.35   -2.9877e+11
799.65   -2.9877e+11
799.95   -2.9877e+11
