
200.34   0
200.72   0
201.1   0
201.48   0
201.85   0
202.23   0
202.61   0
202.99   -0
203.36   0
203.74   0
204.12   0
204.5   0
204.87   0
205.25   0
205.63   0
206   0
206.38   0
206.76   0
207.13   0
207.51   0
207.89   0
208.27   0
208.64   0
209.02   0
209.4   0
209.77   0
210.15   2.2437e+10
210.53   1.2697e+12
210.9   3.0774e+12
211.28   3.7538e+12
211.66   3.7538e+12
212.03   3.7538e+12
212.41   3.8751e+12
212.79   4.1191e+12
213.16   4.1191e+12
213.54   4.3948e+12
213.92   4.4886e+12
214.29   4.6612e+12
214.67   4.7442e+12
215.04   4.7471e+12
215.42   4.9705e+12
215.8   5.2388e+12
216.17   5.2875e+12
216.55   5.3275e+12
216.93   5.5728e+12
217.3   5.8484e+12
217.68   5.9201e+12
218.06   5.9201e+12
218.43   5.9752e+12
218.81   6.1683e+12
219.18   6.3405e+12
219.56   6.4938e+12
219.93   6.6604e+12
220.31   6.7518e+12
220.69   6.7974e+12
221.06   7.0096e+12
221.44   7.2103e+12
221.81   7.3933e+12
222.19   7.5434e+12
222.56   7.7659e+12
222.94   8.0649e+12
223.32   8.3721e+12
223.69   8.6313e+12
224.07   8.7315e+12
224.44   8.764e+12
224.82   8.8406e+12
225.19   8.9976e+12
225.57   9.1456e+12
225.94   9.2155e+12
226.32   9.331e+12
226.69   9.4935e+12
227.07   9.5645e+12
227.44   9.5645e+12
227.82   9.5943e+12
228.19   9.6144e+12
228.57   9.7399e+12
228.94   9.9133e+12
229.32   9.9942e+12
229.69   1.0057e+13
230.07   1.032e+13
230.44   1.0544e+13
230.82   1.0663e+13
231.19   1.072e+13
231.57   1.0786e+13
231.94   1.0822e+13
232.32   1.0973e+13
232.69   1.1096e+13
233.07   1.1096e+13
233.44   1.1174e+13
233.82   1.1174e+13
234.19   1.1207e+13
234.57   1.1328e+13
234.94   1.1328e+13
235.31   1.1328e+13
235.69   1.1328e+13
236.06   1.1301e+13
236.44   1.1301e+13
236.81   1.1358e+13
237.19   1.1358e+13
237.56   1.14e+13
237.94   1.14e+13
238.31   1.1326e+13
238.68   1.1335e+13
239.06   1.1334e+13
239.43   1.14e+13
239.81   1.1421e+13
240.18   1.1421e+13
240.55   1.14e+13
240.93   1.1357e+13
241.3   1.131e+13
241.67   1.131e+13
242.05   1.131e+13
242.42   1.1357e+13
242.8   1.1236e+13
243.17   1.1132e+13
243.54   1.1121e+13
243.92   1.1061e+13
244.29   1.1061e+13
244.66   1.1058e+13
245.04   1.1065e+13
245.41   1.1012e+13
245.78   1.0993e+13
246.16   1.0894e+13
246.53   1.0794e+13
246.9   1.0774e+13
247.28   1.0691e+13
247.65   1.0608e+13
248.02   1.0561e+13
248.4   1.0481e+13
248.77   1.0446e+13
249.14   1.0397e+13
249.52   1.0397e+13
249.89   1.0377e+13
250.26   1.0317e+13
250.63   1.0187e+13
251.01   1.0113e+13
251.38   1.0087e+13
251.75   9.9601e+12
252.13   9.9601e+12
252.5   9.871e+12
252.87   9.8252e+12
253.25   9.7888e+12
253.62   9.7786e+12
253.99   9.7786e+12
254.36   9.7642e+12
254.74   9.7105e+12
255.11   9.635e+12
255.48   9.6318e+12
255.85   9.6318e+12
256.23   9.6318e+12
256.6   9.6318e+12
256.97   9.5963e+12
257.34   9.5286e+12
257.71   9.5286e+12
258.09   9.5286e+12
258.46   9.5286e+12
258.83   9.5673e+12
259.2   9.4836e+12
259.58   9.5152e+12
259.95   9.5033e+12
260.32   9.484e+12
260.69   9.5558e+12
261.06   9.5869e+12
261.44   9.5871e+12
261.81   9.6003e+12
262.18   9.6221e+12
262.55   9.6221e+12
262.92   9.6467e+12
263.3   9.6467e+12
263.67   9.755e+12
264.04   9.8815e+12
264.41   9.9043e+12
264.78   9.9592e+12
265.15   1.0056e+13
265.52   1.0184e+13
265.9   1.0278e+13
266.27   1.0289e+13
266.64   1.0333e+13
267.01   1.0427e+13
267.38   1.0427e+13
267.75   1.049e+13
268.12   1.0519e+13
268.5   1.0667e+13
268.87   1.0818e+13
269.24   1.0952e+13
269.61   1.1067e+13
269.98   1.1094e+13
270.35   1.1151e+13
270.72   1.1261e+13
271.09   1.1375e+13
271.46   1.1442e+13
271.83   1.151e+13
272.2   1.1731e+13
272.58   1.1935e+13
272.95   1.1997e+13
273.32   1.2154e+13
273.69   1.2371e+13
274.06   1.2496e+13
274.43   1.2506e+13
274.8   1.2532e+13
275.17   1.2591e+13
275.54   1.2646e+13
275.91   1.2677e+13
276.28   1.2874e+13
276.65   1.3054e+13
277.02   1.3093e+13
277.39   1.3198e+13
277.76   1.3198e+13
278.13   1.3381e+13
278.5   1.3553e+13
278.87   1.3642e+13
279.25   1.3691e+13
279.62   1.3787e+13
279.99   1.3877e+13
280.36   1.3945e+13
280.73   1.3988e+13
281.1   1.4007e+13
281.46   1.4041e+13
281.83   1.4097e+13
282.2   1.4129e+13
282.57   1.4178e+13
282.94   1.4247e+13
283.31   1.4305e+13
283.68   1.4443e+13
284.05   1.4364e+13
284.42   1.4369e+13
284.79   1.4467e+13
285.16   1.4467e+13
285.53   1.4503e+13
285.9   1.4505e+13
286.27   1.4424e+13
286.64   1.4424e+13
287.01   1.4424e+13
287.38   1.4369e+13
287.75   1.4354e+13
288.12   1.4222e+13
288.49   1.4089e+13
288.86   1.4089e+13
289.23   1.4089e+13
289.59   1.4089e+13
289.96   1.4089e+13
290.33   1.4099e+13
290.7   1.4089e+13
291.07   1.4089e+13
291.44   1.4089e+13
291.81   1.4081e+13
292.18   1.4085e+13
292.55   1.4085e+13
292.92   1.4005e+13
293.28   1.392e+13
293.65   1.3859e+13
294.02   1.3807e+13
294.39   1.3768e+13
294.76   1.3735e+13
295.13   1.3705e+13
295.5   1.3673e+13
295.86   1.3583e+13
296.23   1.3381e+13
296.6   1.3243e+13
296.97   1.3194e+13
297.34   1.3139e+13
297.71   1.3105e+13
298.07   1.3057e+13
298.44   1.3003e+13
298.81   1.3003e+13
299.18   1.2909e+13
299.55   1.2818e+13
299.92   1.2755e+13
300.28   1.266e+13
300.65   1.2611e+13
301.02   1.2544e+13
301.39   1.2544e+13
301.75   1.2544e+13
302.12   1.255e+13
302.49   1.255e+13
302.86   1.2721e+13
303.23   1.2862e+13
303.59   1.2951e+13
303.96   1.302e+13
304.33   1.306e+13
304.7   1.3061e+13
305.06   1.3116e+13
305.43   1.3236e+13
305.8   1.3236e+13
306.17   1.3116e+13
306.53   1.3107e+13
306.9   1.3052e+13
307.27   1.3052e+13
307.64   1.2982e+13
308   1.2832e+13
308.37   1.2729e+13
308.74   1.2673e+13
309.11   1.2599e+13
309.47   1.2507e+13
309.84   1.2426e+13
310.21   1.2295e+13
310.57   1.2082e+13
310.94   1.1811e+13
311.31   1.1616e+13
311.67   1.1337e+13
312.04   1.0877e+13
312.41   1.0636e+13
312.77   1.0423e+13
313.14   1.0195e+13
313.51   9.9669e+12
313.88   9.7491e+12
314.24   9.5788e+12
314.61   9.3914e+12
314.98   9.321e+12
315.34   9.257e+12
315.71   9.0791e+12
316.07   8.9252e+12
316.44   8.7862e+12
316.81   8.6374e+12
317.17   8.5769e+12
317.54   8.5399e+12
317.91   8.3637e+12
318.27   8.1446e+12
318.64   8.0078e+12
319   7.8688e+12
319.37   7.7376e+12
319.74   7.6047e+12
320.1   7.5002e+12
320.47   7.3892e+12
320.83   7.282e+12
321.2   7.2332e+12
321.57   7.1952e+12
321.93   7.1494e+12
322.3   7.0841e+12
322.66   6.9761e+12
323.03   6.8564e+12
323.39   6.753e+12
323.76   6.6591e+12
324.13   6.5841e+12
324.49   6.5593e+12
324.86   6.548e+12
325.22   6.4658e+12
325.59   6.3648e+12
325.95   6.3147e+12
326.32   6.2929e+12
326.69   6.2916e+12
327.05   6.2619e+12
327.42   6.1418e+12
327.78   6.0476e+12
328.15   6.0289e+12
328.51   6.0004e+12
328.88   5.9783e+12
329.24   5.9445e+12
329.61   5.9308e+12
329.97   5.9308e+12
330.34   5.9308e+12
330.7   5.9308e+12
331.07   5.9554e+12
331.43   5.9651e+12
331.8   6.0599e+12
332.16   6.137e+12
332.52   6.137e+12
332.89   6.137e+12
333.25   6.137e+12
333.62   6.137e+12
333.98   6.0812e+12
334.35   6.0093e+12
334.71   5.9831e+12
335.08   5.9761e+12
335.44   5.9487e+12
335.81   5.8746e+12
336.17   5.8408e+12
336.54   5.7503e+12
336.9   5.7129e+12
337.26   5.664e+12
337.63   5.5461e+12
337.99   5.4441e+12
338.36   5.4085e+12
338.72   5.3532e+12
339.08   5.1964e+12
339.45   5.0506e+12
339.81   4.9172e+12
340.18   4.669e+12
340.54   4.5345e+12
340.9   4.3844e+12
341.27   4.2344e+12
341.63   4.2244e+12
342   4.1957e+12
342.36   4.1341e+12
342.72   4.089e+12
343.09   4.0692e+12
343.45   4.043e+12
343.81   3.9988e+12
344.18   3.9599e+12
344.54   3.9161e+12
344.9   3.8807e+12
345.27   3.8632e+12
345.63   3.8456e+12
345.99   3.827e+12
346.36   3.827e+12
346.72   3.7926e+12
347.08   3.7718e+12
347.45   3.7718e+12
347.81   3.7718e+12
348.17   3.755e+12
348.54   3.7162e+12
348.9   3.737e+12
349.26   3.737e+12
349.62   3.737e+12
349.99   3.737e+12
350.35   3.737e+12
350.71   3.7599e+12
351.08   3.7797e+12
351.44   3.7817e+12
351.8   3.8411e+12
352.16   3.8804e+12
352.53   3.9343e+12
352.89   3.9739e+12
353.25   3.9739e+12
353.61   3.9739e+12
353.98   3.9739e+12
354.34   3.9585e+12
354.7   3.9585e+12
355.06   3.9342e+12
355.43   3.892e+12
355.79   3.8458e+12
356.15   3.799e+12
356.51   3.7335e+12
356.88   3.6726e+12
357.24   3.6389e+12
357.6   3.5989e+12
357.96   3.5456e+12
358.32   3.4968e+12
358.69   3.46e+12
359.05   3.4202e+12
359.41   3.3635e+12
359.77   3.3019e+12
360.13   3.1807e+12
360.49   3.062e+12
360.86   2.9966e+12
361.22   2.8796e+12
361.58   2.7516e+12
361.94   2.7045e+12
362.3   2.6751e+12
362.66   2.6424e+12
363.03   2.6424e+12
363.39   2.6424e+12
363.75   2.6411e+12
364.11   2.6411e+12
364.47   2.6449e+12
364.83   2.6493e+12
365.19   2.648e+12
365.56   2.648e+12
365.92   2.6666e+12
366.28   2.6666e+12
366.64   2.648e+12
367   2.6382e+12
367.36   2.6426e+12
367.72   2.6397e+12
368.08   2.6397e+12
368.44   2.6397e+12
368.8   2.6647e+12
369.17   2.7322e+12
369.53   2.7491e+12
369.89   2.7816e+12
370.25   2.796e+12
370.61   2.8193e+12
370.97   2.796e+12
371.33   2.8132e+12
371.69   2.8132e+12
372.05   2.8132e+12
372.41   2.8174e+12
372.77   2.8077e+12
373.13   2.8174e+12
373.49   2.8235e+12
373.85   2.8317e+12
374.21   2.8174e+12
374.57   2.8174e+12
374.93   2.8322e+12
375.29   2.8461e+12
375.65   2.8461e+12
376.01   2.8461e+12
376.37   2.8461e+12
376.73   2.8101e+12
377.09   2.7692e+12
377.45   2.7595e+12
377.81   2.7353e+12
378.17   2.7002e+12
378.53   2.6726e+12
378.89   2.6638e+12
379.25   2.6467e+12
379.61   2.6416e+12
379.97   2.6402e+12
380.33   2.629e+12
380.69   2.629e+12
381.05   2.629e+12
381.41   2.629e+12
381.77   2.6236e+12
382.13   2.6008e+12
382.49   2.5599e+12
382.85   2.534e+12
383.21   2.5034e+12
383.57   2.4647e+12
383.93   2.4411e+12
384.29   2.4215e+12
384.64   2.4173e+12
385   2.396e+12
385.36   2.4173e+12
385.72   2.396e+12
386.08   2.3644e+12
386.44   2.3523e+12
386.8   2.3486e+12
387.16   2.3397e+12
387.52   2.3397e+12
387.88   2.3397e+12
388.23   2.3397e+12
388.59   2.3244e+12
388.95   2.3244e+12
389.31   2.347e+12
389.67   2.3533e+12
390.03   2.3533e+12
390.38   2.3533e+12
390.74   2.3533e+12
391.1   2.3295e+12
391.46   2.314e+12
391.82   2.3022e+12
392.18   2.3008e+12
392.54   2.3008e+12
392.89   2.3008e+12
393.25   2.3008e+12
393.61   2.3087e+12
393.97   2.3116e+12
394.33   2.3216e+12
394.68   2.3216e+12
395.04   2.3163e+12
395.4   2.3163e+12
395.76   2.3163e+12
396.12   2.2981e+12
396.47   2.268e+12
396.83   2.2422e+12
397.19   2.2374e+12
397.55   2.2374e+12
397.9   2.2291e+12
398.26   2.2291e+12
398.62   2.2218e+12
398.98   2.2038e+12
399.33   2.1505e+12
399.69   2.0734e+12
400.05   2.0094e+12
400.41   1.9869e+12
400.76   1.978e+12
401.12   1.9636e+12
401.48   1.9636e+12
401.84   1.9765e+12
402.19   1.9745e+12
402.55   1.9745e+12
402.91   1.9467e+12
403.26   1.9192e+12
403.62   1.9169e+12
403.98   1.9169e+12
404.34   1.9037e+12
404.69   1.8924e+12
405.05   1.8852e+12
405.41   1.8852e+12
405.76   1.8852e+12
406.12   1.8765e+12
406.48   1.8742e+12
406.83   1.8742e+12
407.19   1.8447e+12
407.55   1.8447e+12
407.9   1.8204e+12
408.26   1.8447e+12
408.62   1.838e+12
408.97   1.8275e+12
409.33   1.8136e+12
409.69   1.8111e+12
410.04   1.8021e+12
410.4   1.8021e+12
410.75   1.8111e+12
411.11   1.8038e+12
411.47   1.797e+12
411.82   1.7713e+12
412.18   1.7713e+12
412.53   1.7436e+12
412.89   1.7364e+12
413.25   1.7329e+12
413.6   1.7329e+12
413.96   1.7302e+12
414.31   1.6983e+12
414.67   1.6727e+12
415.02   1.6618e+12
415.38   1.6557e+12
415.74   1.6381e+12
416.09   1.6309e+12
416.45   1.6222e+12
416.8   1.6142e+12
417.16   1.609e+12
417.51   1.5925e+12
417.87   1.5779e+12
418.23   1.5718e+12
418.58   1.5718e+12
418.94   1.5619e+12
419.29   1.5666e+12
419.65   1.5779e+12
420   1.5602e+12
420.36   1.5496e+12
420.71   1.5687e+12
421.07   1.569e+12
421.42   1.5893e+12
421.78   1.6106e+12
422.13   1.5893e+12
422.49   1.5893e+12
422.84   1.5698e+12
423.2   1.5588e+12
423.55   1.5588e+12
423.91   1.5541e+12
424.26   1.5324e+12
424.62   1.5064e+12
424.97   1.5064e+12
425.32   1.4947e+12
425.68   1.4947e+12
426.03   1.4882e+12
426.39   1.4882e+12
426.74   1.4774e+12
427.1   1.4774e+12
427.45   1.4781e+12
427.81   1.472e+12
428.16   1.4606e+12
428.51   1.4164e+12
428.87   1.4008e+12
429.22   1.4008e+12
429.58   1.4008e+12
429.93   1.382e+12
430.28   1.3799e+12
430.64   1.3725e+12
430.99   1.3689e+12
431.35   1.3543e+12
431.7   1.3543e+12
432.05   1.3402e+12
432.41   1.3402e+12
432.76   1.3391e+12
433.11   1.3411e+12
433.47   1.339e+12
433.82   1.339e+12
434.18   1.3226e+12
434.53   1.3226e+12
434.88   1.3226e+12
435.24   1.2931e+12
435.59   1.2931e+12
435.94   1.2781e+12
436.3   1.2746e+12
436.65   1.2697e+12
437   1.2697e+12
437.36   1.2697e+12
437.71   1.2613e+12
438.06   1.2613e+12
438.41   1.2539e+12
438.77   1.2539e+12
439.12   1.2409e+12
439.47   1.2409e+12
439.83   1.2145e+12
440.18   1.2145e+12
440.53   1.2145e+12
440.88   1.2145e+12
441.24   1.1849e+12
441.59   1.1849e+12
441.94   1.1755e+12
442.3   1.1364e+12
442.65   1.1264e+12
443   1.1264e+12
443.35   1.1269e+12
443.7   1.1152e+12
444.06   1.0958e+12
444.41   1.0838e+12
444.76   1.0871e+12
445.11   1.0823e+12
445.47   1.0823e+12
445.82   1.0823e+12
446.17   1.0622e+12
446.52   1.0622e+12
446.88   1.0348e+12
447.23   1.01e+12
447.58   1.0306e+12
447.93   1.01e+12
448.28   9.932e+11
448.63   1.01e+12
448.99   1.0151e+12
449.34   1.0011e+12
449.69   9.932e+11
450.04   9.932e+11
450.39   1.0011e+12
450.75   9.983e+11
451.1   9.983e+11
451.45   9.8892e+11
451.8   9.8892e+11
452.15   9.676e+11
452.5   9.676e+11
452.85   9.8872e+11
453.2   9.9866e+11
453.56   9.8751e+11
453.91   9.7349e+11
454.26   9.7349e+11
454.61   9.5476e+11
454.96   9.642e+11
455.31   9.642e+11
455.66   9.7415e+11
456.01   9.5541e+11
456.37   9.5541e+11
456.72   9.5541e+11
457.07   9.5541e+11
457.42   9.5541e+11
457.77   9.5541e+11
458.12   9.7037e+11
458.47   9.5943e+11
458.82   9.7103e+11
459.17   9.5393e+11
459.52   9.5393e+11
459.87   9.3865e+11
460.22   9.3391e+11
460.57   9.2292e+11
460.92   9.2292e+11
461.27   9.0584e+11
461.62   8.7943e+11
461.97   8.7943e+11
462.32   8.7943e+11
462.68   8.5265e+11
463.02   8.6294e+11
463.38   8.6294e+11
463.73   8.3276e+11
464.07   8.1502e+11
464.43   8.3276e+11
464.77   8.5514e+11
465.12   8.6246e+11
465.48   8.7361e+11
465.82   8.703e+11
466.17   8.781e+11
466.52   8.703e+11
466.87   8.6246e+11
467.22   8.6246e+11
467.57   8.6246e+11
467.92   8.5532e+11
468.27   8.4227e+11
468.62   8.0754e+11
468.97   8.0314e+11
469.32   7.8658e+11
469.67   7.8658e+11
470.02   7.8658e+11
470.37   7.8658e+11
470.72   8.0707e+11
471.07   8.0707e+11
471.42   7.7396e+11
471.76   7.9399e+11
472.11   7.9399e+11
472.46   7.9399e+11
472.81   8.0996e+11
473.16   7.8988e+11
473.51   8.0952e+11
473.86   7.9391e+11
474.21   7.9057e+11
474.56   7.9391e+11
474.9   7.9391e+11
475.25   7.9057e+11
475.6   7.9057e+11
475.95   7.8654e+11
476.3   7.7733e+11
476.65   7.8098e+11
477   7.8098e+11
477.35   7.7335e+11
477.69   7.7335e+11
478.04   7.7335e+11
478.39   7.7584e+11
478.74   7.7584e+11
479.09   7.7584e+11
479.43   7.7584e+11
479.78   7.7584e+11
480.13   7.6337e+11
480.48   7.6139e+11
480.83   7.5507e+11
481.18   7.5402e+11
481.52   7.5402e+11
481.87   7.5402e+11
482.22   7.5729e+11
482.57   7.5729e+11
482.91   7.5729e+11
483.26   7.5729e+11
483.61   7.6466e+11
483.96   7.6631e+11
484.3   7.7566e+11
484.65   7.836e+11
485   7.7566e+11
485.35   7.8223e+11
485.69   7.701e+11
486.04   7.8223e+11
486.39   7.919e+11
486.74   7.9485e+11
487.08   8.004e+11
487.43   7.9485e+11
487.78   8.004e+11
488.12   7.9709e+11
488.47   7.9709e+11
488.82   8.0143e+11
489.17   8.054e+11
489.51   8.054e+11
489.86   8.0809e+11
490.21   8.0809e+11
490.55   8.0809e+11
490.9   8.1073e+11
491.25   8.1908e+11
491.59   8.3927e+11
491.94   8.3927e+11
492.29   8.1908e+11
492.63   8.3706e+11
492.98   8.4792e+11
493.33   8.4792e+11
493.67   8.4792e+11
494.02   8.5012e+11
494.37   8.5012e+11
494.71   8.4792e+11
495.06   8.4792e+11
495.4   8.5398e+11
495.75   8.6383e+11
496.1   8.6963e+11
496.44   8.7833e+11
496.79   8.7833e+11
497.13   8.7833e+11
497.48   9.0889e+11
497.83   9.4016e+11
498.17   9.5027e+11
498.52   9.5493e+11
498.86   9.6274e+11
499.21   9.6274e+11
499.56   9.6274e+11
499.9   9.8232e+11
500.25   9.8232e+11
500.59   9.8232e+11
500.94   9.7521e+11
501.28   9.8444e+11
501.63   1.0026e+12
501.97   9.9811e+11
502.32   9.8444e+11
502.67   9.9811e+11
503.01   1.0137e+12
503.36   1.0137e+12
503.7   1.0137e+12
504.05   1.0049e+12
504.39   1.0049e+12
504.74   1.0003e+12
505.08   1.0003e+12
505.43   9.9387e+11
505.77   9.9387e+11
506.12   9.9387e+11
506.46   9.9387e+11
506.81   9.9106e+11
507.15   9.9106e+11
507.5   9.9106e+11
507.84   9.9476e+11
508.18   9.9476e+11
508.53   9.9476e+11
508.87   9.9892e+11
509.22   1.0008e+12
509.56   9.9892e+11
509.91   9.9892e+11
510.25   1.0012e+12
510.6   1.0012e+12
510.94   1.0012e+12
511.28   1.0081e+12
511.63   1.0167e+12
511.97   1.0274e+12
512.32   1.0393e+12
512.66   1.0435e+12
513   1.0435e+12
513.35   1.0475e+12
513.69   1.0584e+12
514.04   1.0658e+12
514.38   1.0736e+12
514.72   1.0736e+12
515.07   1.0803e+12
515.41   1.086e+12
515.75   1.086e+12
516.1   1.0981e+12
516.44   1.1078e+12
516.79   1.1078e+12
517.13   1.1199e+12
517.47   1.1199e+12
517.82   1.1078e+12
518.16   1.1078e+12
518.5   1.1169e+12
518.85   1.1293e+12
519.19   1.1293e+12
519.53   1.1391e+12
519.88   1.1391e+12
520.22   1.1499e+12
520.56   1.164e+12
520.9   1.1915e+12
521.25   1.221e+12
521.59   1.2331e+12
521.93   1.2474e+12
522.28   1.2519e+12
522.62   1.2717e+12
522.96   1.2861e+12
523.3   1.2764e+12
523.65   1.2917e+12
523.99   1.2917e+12
524.33   1.2917e+12
524.67   1.3077e+12
525.02   1.3239e+12
525.36   1.3332e+12
525.7   1.343e+12
526.04   1.3494e+12
526.39   1.3532e+12
526.73   1.3776e+12
527.07   1.4003e+12
527.41   1.4025e+12
527.76   1.4044e+12
528.1   1.4078e+12
528.44   1.4165e+12
528.78   1.4165e+12
529.12   1.4233e+12
529.47   1.4264e+12
529.81   1.4379e+12
530.15   1.4539e+12
530.49   1.4703e+12
530.83   1.4886e+12
531.18   1.4999e+12
531.52   1.51e+12
531.86   1.5174e+12
532.2   1.5181e+12
532.54   1.5181e+12
532.88   1.5288e+12
533.23   1.5409e+12
533.57   1.5581e+12
533.91   1.5891e+12
534.25   1.6072e+12
534.59   1.6275e+12
534.93   1.6456e+12
535.27   1.6468e+12
535.61   1.6488e+12
535.96   1.6507e+12
536.3   1.6547e+12
536.64   1.6636e+12
536.98   1.694e+12
537.32   1.7275e+12
537.66   1.7391e+12
538   1.7422e+12
538.34   1.7422e+12
538.68   1.7437e+12
539.02   1.7508e+12
539.36   1.7848e+12
539.7   1.8147e+12
540.04   1.8196e+12
540.38   1.8318e+12
540.73   1.8424e+12
541.07   1.8464e+12
541.41   1.8525e+12
541.75   1.8702e+12
542.09   1.8855e+12
542.43   1.9037e+12
542.77   1.9068e+12
543.11   1.9211e+12
543.45   1.9225e+12
543.79   1.9378e+12
544.13   1.9531e+12
544.47   1.9724e+12
544.81   1.9927e+12
545.15   2.0156e+12
545.49   2.0445e+12
545.83   2.0445e+12
546.17   2.0573e+12
546.51   2.0646e+12
546.85   2.0692e+12
547.19   2.0765e+12
547.53   2.0823e+12
547.87   2.1103e+12
548.21   2.145e+12
548.54   2.1575e+12
548.88   2.168e+12
549.22   2.1762e+12
549.56   2.1932e+12
549.9   2.2241e+12
550.24   2.2419e+12
550.58   2.2451e+12
550.92   2.2548e+12
551.26   2.2566e+12
551.6   2.2849e+12
551.94   2.3025e+12
552.28   2.3066e+12
552.62   2.3143e+12
552.95   2.3152e+12
553.29   2.3227e+12
553.63   2.3294e+12
553.97   2.3429e+12
554.31   2.3433e+12
554.65   2.3612e+12
554.99   2.3947e+12
555.33   2.4659e+12
555.66   2.5081e+12
556   2.5081e+12
556.34   2.5117e+12
556.68   2.5133e+12
557.02   2.5204e+12
557.36   2.5287e+12
557.69   2.5603e+12
558.03   2.5906e+12
558.37   2.5978e+12
558.71   2.6136e+12
559.05   2.6237e+12
559.38   2.6296e+12
559.72   2.6484e+12
560.06   2.6731e+12
560.4   2.6869e+12
560.74   2.69e+12
561.07   2.717e+12
561.41   2.7476e+12
561.75   2.7564e+12
562.09   2.7576e+12
562.42   2.7576e+12
562.76   2.7668e+12
563.1   2.7741e+12
563.44   2.7847e+12
563.77   2.8107e+12
564.11   2.8328e+12
564.45   2.8365e+12
564.79   2.8479e+12
565.12   2.8635e+12
565.46   2.8635e+12
565.8   2.8787e+12
566.14   2.9e+12
566.47   2.9412e+12
566.81   2.9749e+12
567.15   2.992e+12
567.48   3.0058e+12
567.82   3.0058e+12
568.16   3.0287e+12
568.5   3.0609e+12
568.83   3.0804e+12
569.17   3.0975e+12
569.5   3.1092e+12
569.84   3.126e+12
570.18   3.1386e+12
570.51   3.1406e+12
570.85   3.1572e+12
571.19   3.1874e+12
571.52   3.1874e+12
571.86   3.2141e+12
572.2   3.229e+12
572.53   3.2554e+12
572.87   3.2936e+12
573.21   3.3019e+12
573.54   3.3072e+12
573.88   3.3072e+12
574.21   3.3224e+12
574.55   3.3412e+12
574.89   3.3533e+12
575.22   3.4011e+12
575.56   3.446e+12
575.89   3.4506e+12
576.23   3.4689e+12
576.57   3.4957e+12
576.9   3.5177e+12
577.24   3.5417e+12
577.57   3.5715e+12
577.91   3.5873e+12
578.24   3.5926e+12
578.58   3.6e+12
578.91   3.6135e+12
579.25   3.6314e+12
579.59   3.6421e+12
579.92   3.6489e+12
580.26   3.6555e+12
580.59   3.688e+12
580.93   3.7247e+12
581.26   3.7467e+12
581.6   3.774e+12
581.93   3.815e+12
582.27   3.8615e+12
582.6   3.8789e+12
582.94   3.9006e+12
583.27   3.9756e+12
583.61   4.0302e+12
583.94   4.0384e+12
584.27   4.0486e+12
584.61   4.0538e+12
584.95   4.0621e+12
585.28   4.0724e+12
585.61   4.0897e+12
585.95   4.11e+12
586.28   4.1198e+12
586.62   4.1198e+12
586.95   4.1438e+12
587.29   4.1689e+12
587.62   4.1958e+12
587.95   4.2375e+12
588.29   4.2542e+12
588.62   4.2562e+12
588.96   4.266e+12
589.29   4.2789e+12
589.62   4.294e+12
589.96   4.294e+12
590.29   4.2852e+12
590.63   4.2789e+12
590.96   4.269e+12
591.29   4.2852e+12
591.63   4.2902e+12
591.96   4.2902e+12
592.29   4.2902e+12
592.63   4.2902e+12
592.96   4.2902e+12
593.29   4.3022e+12
593.63   4.3382e+12
593.96   4.3731e+12
594.3   4.4171e+12
594.63   4.4171e+12
594.96   4.4393e+12
595.29   4.4217e+12
595.63   4.4515e+12
595.96   4.4786e+12
596.29   4.4786e+12
596.63   4.4923e+12
596.96   4.4786e+12
597.29   4.4966e+12
597.63   4.5236e+12
597.96   4.5535e+12
598.29   4.5595e+12
598.62   4.5738e+12
598.96   4.5738e+12
599.29   4.5794e+12
599.62   4.5906e+12
599.96   4.5948e+12
600.29   4.5963e+12
600.62   4.5977e+12
600.95   4.6102e+12
601.29   4.6102e+12
601.62   4.6102e+12
601.95   4.6102e+12
602.28   4.6246e+12
602.62   4.6352e+12
602.95   4.6558e+12
603.28   4.7095e+12
603.61   4.7802e+12
603.94   4.8118e+12
604.27   4.8149e+12
604.61   4.8149e+12
604.94   4.8231e+12
605.27   4.8467e+12
605.6   4.8581e+12
605.93   4.8581e+12
606.27   4.8581e+12
606.6   4.8586e+12
606.93   4.8715e+12
607.26   4.8803e+12
607.59   4.8886e+12
607.92   4.8886e+12
608.25   4.9187e+12
608.59   4.9545e+12
608.92   4.989e+12
609.25   4.9545e+12
609.58   4.959e+12
609.91   4.9784e+12
610.24   4.9955e+12
610.57   4.9955e+12
610.9   4.9955e+12
611.24   4.9955e+12
611.57   4.9788e+12
611.9   4.9618e+12
612.23   4.9618e+12
612.56   4.9788e+12
612.89   4.9995e+12
613.22   5.0104e+12
613.55   5.0395e+12
613.88   5.0395e+12
614.21   5.0395e+12
614.54   5.0403e+12
614.87   5.0578e+12
615.2   5.0578e+12
615.53   5.0403e+12
615.87   5.0403e+12
616.2   5.0645e+12
616.53   5.0645e+12
616.86   5.1027e+12
617.19   5.1207e+12
617.52   5.1465e+12
617.85   5.1465e+12
618.18   5.1653e+12
618.51   5.1753e+12
618.84   5.1919e+12
619.17   5.1753e+12
619.5   5.172e+12
619.83   5.1431e+12
620.16   5.172e+12
620.49   5.172e+12
620.82   5.1375e+12
621.14   5.1705e+12
621.47   5.1805e+12
621.8   5.1905e+12
622.13   5.1624e+12
622.46   5.1888e+12
622.79   5.1888e+12
623.12   5.1888e+12
623.45   5.1631e+12
623.78   5.1631e+12
624.11   5.1649e+12
624.44   5.171e+12
624.77   5.149e+12
625.1   5.149e+12
625.42   5.1628e+12
625.75   5.149e+12
626.08   5.1628e+12
626.41   5.1662e+12
626.74   5.1814e+12
627.07   5.1699e+12
627.4   5.1814e+12
627.73   5.1787e+12
628.06   5.1787e+12
628.38   5.1738e+12
628.71   5.1738e+12
629.04   5.1852e+12
629.37   5.1738e+12
629.7   5.1738e+12
630.03   5.1543e+12
630.36   5.163e+12
630.68   5.163e+12
631.01   5.1673e+12
631.34   5.185e+12
631.67   5.185e+12
632   5.1612e+12
632.32   5.1612e+12
632.65   5.1617e+12
632.98   5.1617e+12
633.31   5.1646e+12
633.64   5.1474e+12
633.96   5.1279e+12
634.29   5.1279e+12
634.62   5.0851e+12
634.95   5.0703e+12
635.27   5.0703e+12
635.6   5.0703e+12
635.93   5.0703e+12
636.26   5.0891e+12
636.58   5.0891e+12
636.91   5.0891e+12
637.24   5.0965e+12
637.57   5.0965e+12
637.89   5.0965e+12
638.22   5.0965e+12
638.55   5.0965e+12
638.88   5.082e+12
639.2   5.0637e+12
639.53   5.0533e+12
639.86   5.0398e+12
640.18   5.0533e+12
640.51   5.0398e+12
640.84   5.0398e+12
641.16   5.0507e+12
641.49   5.0394e+12
641.82   5.0264e+12
642.14   5.0264e+12
642.47   5.0264e+12
642.8   5.0193e+12
643.12   4.9914e+12
643.45   4.9569e+12
643.78   4.9569e+12
644.1   4.9457e+12
644.43   4.9424e+12
644.75   4.9457e+12
645.08   4.9424e+12
645.41   4.9301e+12
645.73   4.9052e+12
646.06   4.9052e+12
646.38   4.9052e+12
646.71   4.9058e+12
647.04   4.9218e+12
647.36   4.9218e+12
647.69   4.9297e+12
648.01   4.9218e+12
648.34   4.9218e+12
648.67   4.9218e+12
648.99   4.9218e+12
649.32   4.8962e+12
649.64   4.8954e+12
649.97   4.8565e+12
650.29   4.8196e+12
650.62   4.7883e+12
650.94   4.7883e+12
651.27   4.7724e+12
651.6   4.7021e+12
651.92   4.699e+12
652.25   4.699e+12
652.57   4.6881e+12
652.89   4.6503e+12
653.22   4.6881e+12
653.54   4.6856e+12
653.87   4.681e+12
654.2   4.6317e+12
654.52   4.6135e+12
654.85   4.6135e+12
655.17   4.5928e+12
655.49   4.5739e+12
655.82   4.5615e+12
656.14   4.5615e+12
656.47   4.5615e+12
656.79   4.5493e+12
657.12   4.5385e+12
657.44   4.5445e+12
657.77   4.5538e+12
658.09   4.5538e+12
658.41   4.5615e+12
658.74   4.5538e+12
659.06   4.5246e+12
659.39   4.484e+12
659.71   4.484e+12
660.03   4.4449e+12
660.36   4.4219e+12
660.68   4.4187e+12
661.01   4.4121e+12
661.33   4.4121e+12
661.65   4.4121e+12
661.98   4.4121e+12
662.3   4.4266e+12
662.62   4.4476e+12
662.95   4.4266e+12
663.27   4.4266e+12
663.6   4.4476e+12
663.92   4.476e+12
664.24   4.476e+12
664.57   4.4729e+12
664.89   4.44e+12
665.21   4.4684e+12
665.54   4.4142e+12
665.86   4.3906e+12
666.18   4.4119e+12
666.5   4.4575e+12
666.83   4.4115e+12
667.15   4.4115e+12
667.47   4.4575e+12
667.8   4.4575e+12
668.12   4.4063e+12
668.44   4.3384e+12
668.76   4.359e+12
669.09   4.359e+12
669.41   4.3259e+12
669.73   4.2573e+12
670.06   4.2209e+12
670.38   4.1168e+12
670.7   4.0838e+12
671.02   4.0778e+12
671.35   4.0383e+12
671.67   4.0344e+12
671.99   3.9819e+12
672.31   3.8918e+12
672.63   3.8389e+12
672.96   3.8389e+12
673.28   3.8251e+12
673.6   3.809e+12
673.92   3.809e+12
674.24   3.809e+12
674.57   3.7907e+12
674.89   3.7686e+12
675.21   3.7686e+12
675.53   3.7686e+12
675.85   3.7686e+12
676.17   3.7344e+12
676.5   3.7344e+12
676.82   3.7215e+12
677.14   3.7215e+12
677.46   3.7475e+12
677.78   3.7475e+12
678.1   3.7215e+12
678.42   3.7064e+12
678.75   3.6724e+12
679.07   3.673e+12
679.39   3.6598e+12
679.71   3.6459e+12
680.03   3.641e+12
680.35   3.6321e+12
680.67   3.5693e+12
680.99   3.6321e+12
681.31   3.6139e+12
681.63   3.5473e+12
681.96   3.6145e+12
682.28   3.5473e+12
682.6   3.5473e+12
682.92   3.4844e+12
683.24   3.4311e+12
683.56   3.3947e+12
683.88   3.4148e+12
684.2   3.3653e+12
684.52   3.296e+12
684.84   3.296e+12
685.16   3.2174e+12
685.48   3.2756e+12
685.8   3.2717e+12
686.12   3.2174e+12
686.44   3.2051e+12
686.76   3.2594e+12
687.08   3.2051e+12
687.4   3.2051e+12
687.72   3.2051e+12
688.04   3.1633e+12
688.36   3.2594e+12
688.68   3.1633e+12
689   3.0849e+12
689.32   3.0887e+12
689.64   3.0887e+12
689.96   3.0849e+12
690.28   3.0887e+12
690.6   3.0887e+12
690.92   3.0887e+12
691.24   3.0865e+12
691.56   3.0818e+12
691.88   3.0818e+12
692.19   3.061e+12
692.51   3.0023e+12
692.83   2.9678e+12
693.15   2.9621e+12
693.47   2.9246e+12
693.79   2.8828e+12
694.11   2.8461e+12
694.43   2.8828e+12
694.75   2.9187e+12
695.07   2.8795e+12
695.38   2.9213e+12
695.7   2.9272e+12
696.02   2.888e+12
696.34   2.8795e+12
696.66   2.8795e+12
696.98   2.863e+12
697.29   2.863e+12
697.61   2.863e+12
697.93   2.863e+12
698.25   2.7527e+12
698.57   2.7142e+12
698.89   2.7142e+12
699.2   2.6372e+12
699.52   2.7142e+12
699.84   2.8314e+12
700.16   2.9074e+12
700.48   2.9358e+12
700.79   2.9591e+12
701.11   2.9591e+12
701.43   3.0252e+12
701.75   3.0546e+12
702.07   3.0976e+12
702.38   3.1432e+12
702.7   3.1432e+12
703.02   3.1553e+12
703.34   3.1965e+12
703.65   3.1965e+12
703.97   3.1965e+12
704.29   3.279e+12
704.61   3.279e+12
704.92   3.279e+12
705.24   3.2437e+12
705.56   3.1994e+12
705.87   3.069e+12
706.19   3.0523e+12
706.51   3.0353e+12
706.83   2.9754e+12
707.14   2.9449e+12
707.46   2.9052e+12
707.77   2.8811e+12
708.09   2.8276e+12
708.41   2.8276e+12
708.73   2.7564e+12
709.04   2.6655e+12
709.36   2.6025e+12
709.67   2.4695e+12
709.99   2.2833e+12
710.31   2.2833e+12
710.62   2.1996e+12
710.94   2.1955e+12
711.26   2.1862e+12
711.57   2.1697e+12
711.89   2.1697e+12
712.21   2.1697e+12
712.52   2.1816e+12
712.84   2.2646e+12
713.15   2.3725e+12
713.47   2.3725e+12
713.78   2.3805e+12
714.1   2.3805e+12
714.42   2.3874e+12
714.73   2.3874e+12
715.05   2.3874e+12
715.36   2.3874e+12
715.68   2.2914e+12
716   2.1363e+12
716.31   2.025e+12
716.63   1.9234e+12
716.94   1.9234e+12
717.26   1.7625e+12
717.57   1.7526e+12
717.89   1.5772e+12
718.2   1.3934e+12
718.52   1.3934e+12
718.83   1.3934e+12
719.15   1.5489e+12
719.46   1.8273e+12
719.78   1.8472e+12
720.09   1.8472e+12
720.41   1.8479e+12
720.72   1.9252e+12
721.04   2.0172e+12
721.35   2.203e+12
721.67   2.2755e+12
721.98   2.0949e+12
722.29   2.2428e+12
722.61   2.3204e+12
722.92   2.2428e+12
723.24   2.2428e+12
723.55   2.2861e+12
723.87   2.3204e+12
724.18   2.2861e+12
724.5   2.2107e+12
724.81   2.1475e+12
725.12   2.1609e+12
725.44   2.0544e+12
725.75   2.0112e+12
726.07   2.0544e+12
726.38   2.0112e+12
726.69   1.9474e+12
727.01   1.9474e+12
727.32   2.0112e+12
727.63   2.0246e+12
727.95   2.0246e+12
728.26   1.9625e+12
728.58   1.9285e+12
728.89   1.9285e+12
729.2   1.8525e+12
729.52   1.6895e+12
729.83   1.6895e+12
730.14   1.6895e+12
730.46   1.6308e+12
730.77   1.5493e+12
731.08   1.4387e+12
731.39   1.4387e+12
731.71   1.4568e+12
732.02   1.3844e+12
732.33   1.3281e+12
732.65   1.3844e+12
732.96   1.4417e+12
733.27   1.4417e+12
733.59   1.3463e+12
733.9   1.3992e+12
734.21   1.4417e+12
734.52   1.4417e+12
734.84   1.4442e+12
735.15   1.5504e+12
735.46   1.5752e+12
735.77   1.5752e+12
736.09   1.5752e+12
736.4   1.4689e+12
736.71   1.4689e+12
737.02   1.4689e+12
737.33   1.3958e+12
737.65   1.3455e+12
737.96   1.2904e+12
738.27   1.2904e+12
738.58   1.2904e+12
738.89   1.2904e+12
739.21   1.2647e+12
739.52   1.2904e+12
739.83   1.2904e+12
740.14   1.5854e+12
740.45   1.7211e+12
740.76   1.9713e+12
741.08   1.9713e+12
741.39   1.7211e+12
741.7   1.6954e+12
742.01   1.5283e+12
742.32   1.5283e+12
742.63   1.3622e+12
742.94   1.3622e+12
743.25   1.2604e+12
743.57   1.1905e+12
743.88   1.1905e+12
744.19   1.1905e+12
744.5   1.1905e+12
744.81   1.1905e+12
745.12   1.2379e+12
745.43   1.2379e+12
745.74   1.3831e+12
746.05   1.3831e+12
746.36   1.5481e+12
746.67   1.5616e+12
746.99   1.472e+12
747.3   1.472e+12
747.61   1.4975e+12
747.92   1.472e+12
748.23   1.4209e+12
748.54   1.4209e+12
748.85   1.4344e+12
749.16   1.4344e+12
749.47   1.3291e+12
749.78   1.3291e+12
750.09   1.3291e+12
750.4   1.259e+12
750.71   1.259e+12
751.02   1.2205e+12
751.33   1.1652e+12
751.64   1.1652e+12
751.95   1.0957e+12
752.26   1.0957e+12
752.57   1.1652e+12
752.88   1.1652e+12
753.19   1.0957e+12
753.5   1.0428e+12
753.8   9.5834e+11
754.12   9.739e+11
754.42   1.0837e+12
754.73   1.0837e+12
755.04   1.1265e+12
755.35   1.1265e+12
755.66   1.0837e+12
755.97   1.0837e+12
756.28   1.1111e+12
756.59   1.1111e+12
756.9   1.1113e+12
757.21   1.1113e+12
757.51   7.9975e+11
757.82   7.221e+11
758.13   7.221e+11
758.44   8.5666e+11
758.75   9.0466e+11
759.06   9.0466e+11
759.37   9.0466e+11
759.68   1.0319e+12
759.98   1.057e+12
760.29   1.057e+12
760.6   1.057e+12
760.91   1.0074e+12
761.22   1.0074e+12
761.53   1.1878e+12
761.83   1.1878e+12
762.14   9.7033e+11
762.45   6.8327e+11
762.76   5.6421e+11
763.07   4.6259e+11
763.37   5.6421e+11
763.68   5.6421e+11
763.99   5.6421e+11
764.3   2.2773e+11
764.61   1.1375e+11
764.91   1.1375e+11
765.22   3.3001e+11
765.53   3.3001e+11
765.84   3.5779e+11
766.14   3.5779e+11
766.45   3.5779e+11
766.76   4.8202e+11
767.06   4.8202e+11
767.37   5.3369e+11
767.68   5.3369e+11
767.99   5.3369e+11
768.29   4.2211e+11
768.6   5.3589e+11
768.91   3.1804e+11
769.21   5.3589e+11
769.52   6.5934e+11
769.83   6.5934e+11
770.13   6.4912e+11
770.44   5.4569e+11
770.75   5.63e+11
771.05   7.0626e+11
771.36   7.0626e+11
771.67   6.9896e+11
771.97   8.1716e+11
772.28   8.1716e+11
772.59   6.9896e+11
772.89   6.9896e+11
773.2   6.9896e+11
773.51   7.1593e+11
773.81   9.2843e+11
774.12   9.2843e+11
774.42   9.5987e+11
774.73   9.5987e+11
775.04   7.4737e+11
775.34   7.4737e+11
775.65   8.0251e+11
775.95   6.7714e+11
776.26   4.1838e+11
776.57   2.463e+11
776.87   1.7582e+11
777.18   1.7582e+11
777.48   9.7577e+10
777.79   -2.4817e+11
778.09   -2.4817e+11
778.4   -2.4817e+11
778.7   -2.4817e+11
779.01   -2.1147e+11
779.31   9.5004e+10
779.62   9.5004e+10
779.92   9.5004e+10
780.23   2.6587e+11
780.53   2.6587e+11
780.84   5.9026e+11
781.14   2.6587e+11
781.45   1.8971e+11
781.75   1.8971e+11
782.06   1.8971e+11
782.36   1.8971e+11
782.67   4.1864e+11
782.97   7.7711e+11
783.28   3.3788e+11
783.58   7.7711e+11
783.89   3.3788e+11
784.19   7.7711e+11
784.5   7.7711e+11
784.8   1.5756e+11
785.1   1.5756e+11
785.41   -1.167e+10
785.71   -1.0429e+11
786.02   -1.0429e+11
786.32   2.6527e+11
786.62   -1.0429e+11
786.93   -1.0429e+11
787.23   -1.0429e+11
787.53   -1.0429e+11
787.84   2.6527e+11
788.14   2.6527e+11
788.45   -4.0776e+10
788.75   -1.9717e+11
789.05   -1.9717e+11
789.36   -2.8652e+11
789.66   -1.9717e+11
789.96   6.0433e+11
790.27   6.9948e+10
790.57   6.9948e+10
790.87   6.9948e+10
791.18   6.2236e+11
791.48   6.2236e+11
791.78   1.0863e+12
792.09   6.2236e+11
792.39   1.0863e+12
792.69   1.0863e+12
793   6.2236e+11
793.3   3.8766e+11
793.6   3.8766e+11
793.9   -2.9632e+11
794.21   -2.9632e+11
794.51   -1.1741e+11
794.81   -6.0992e+11
795.12   -3.7209e+11
795.42   -3.7209e+11
795.72   -3.7209e+11
796.02   3.7834e+09
796.32   3.7834e+09
796.63   4.2357e+10
796.93   4.2357e+10
797.23   4.2357e+10
797.53   4.2357e+10
797.84   4.2357e+10
798.14   3.9718e+10
798.44   -2.6258e+10
798.74   -4.366e+10
799.04   -1.1244e+10
799.35   0
799.65   0
799.95   0
