200.34   0
200.72   0
201.1   0
201.48   0
201.85   0
202.23   0
202.61   0
202.99   -0
203.36   -0
203.74   0
204.12   0
204.5   0
204.87   0
205.25   -0
205.63   0
206   0
206.38   0
206.76   0
207.13   0
207.51   0
207.89   0
208.27   0
208.64   0
209.02   0
209.4   0
209.77   0
210.15   0
210.53   3.6034e+11
210.9   3.6034e+11
211.28   8.4623e+11
211.66   9.9129e+11
212.03   9.9129e+11
212.41   8.4623e+11
212.79   7.9408e+11
213.16   7.9408e+11
213.54   8.6384e+11
213.92   9.2518e+11
214.29   8.6384e+11
214.67   9.2518e+11
215.04   9.2518e+11
215.42   9.2518e+11
215.8   9.2518e+11
216.17   1.096e+12
216.55   1.096e+12
216.93   1.096e+12
217.3   1.096e+12
217.68   1.25e+12
218.06   1.25e+12
218.43   1.1208e+12
218.81   9.7329e+11
219.18   9.7329e+11
219.56   1.092e+12
219.93   1.092e+12
220.31   1.2019e+12
220.69   1.2019e+12
221.06   1.2576e+12
221.44   1.2576e+12
221.81   1.2576e+12
222.19   1.323e+12
222.56   1.3633e+12
222.94   1.3633e+12
223.32   1.3633e+12
223.69   1.3633e+12
224.07   1.4149e+12
224.44   1.456e+12
224.82   1.456e+12
225.19   1.4803e+12
225.57   1.5158e+12
225.94   1.5158e+12
226.32   1.5158e+12
226.69   1.5473e+12
227.07   1.5473e+12
227.44   1.5473e+12
227.82   1.5473e+12
228.19   1.6073e+12
228.57   1.6073e+12
228.94   1.6073e+12
229.32   1.6027e+12
229.69   1.6027e+12
230.07   1.6563e+12
230.44   1.8281e+12
230.82   1.8576e+12
231.19   1.9553e+12
231.57   1.9909e+12
231.94   2.0003e+12
232.32   2.0345e+12
232.69   2.0345e+12
233.07   2.0653e+12
233.44   2.0952e+12
233.82   2.0952e+12
234.19   2.0653e+12
234.57   2.0952e+12
234.94   2.0952e+12
235.31   2.0952e+12
235.69   2.0653e+12
236.06   2.0917e+12
236.44   2.0457e+12
236.81   2.0815e+12
237.19   1.9511e+12
237.56   1.9227e+12
237.94   2.0331e+12
238.31   1.9908e+12
238.68   2.0331e+12
239.06   2.0331e+12
239.43   2.0331e+12
239.81   2.0331e+12
240.18   2.0389e+12
240.55   2.0066e+12
240.93   2.0066e+12
241.3   2.0066e+12
241.67   2.0148e+12
242.05   2.0665e+12
242.42   2.0591e+12
242.8   2.052e+12
243.17   2.052e+12
243.54   2.0162e+12
243.92   1.9623e+12
244.29   1.9695e+12
244.66   2.0025e+12
245.04   2.0383e+12
245.41   2.0383e+12
245.78   2.0025e+12
246.16   1.9695e+12
246.53   1.9466e+12
246.9   1.9336e+12
247.28   1.9409e+12
247.65   1.9353e+12
248.02   1.9608e+12
248.4   1.8422e+12
248.77   1.8422e+12
249.14   1.8331e+12
249.52   1.9077e+12
249.89   1.8331e+12
250.26   1.8933e+12
250.63   1.9168e+12
251.01   1.8933e+12
251.38   1.8933e+12
251.75   1.8933e+12
252.13   1.8995e+12
252.5   1.8995e+12
252.87   1.9036e+12
253.25   1.9031e+12
253.62   1.9063e+12
253.99   1.9063e+12
254.36   1.9031e+12
254.74   1.9031e+12
255.11   1.9058e+12
255.48   1.9063e+12
255.85   1.9058e+12
256.23   1.9058e+12
256.6   1.9058e+12
256.97   1.8872e+12
257.34   1.8108e+12
257.71   1.8293e+12
258.09   1.8293e+12
258.46   1.8795e+12
258.83   1.881e+12
259.2   1.803e+12
259.58   1.803e+12
259.95   1.803e+12
260.32   1.7475e+12
260.69   1.7352e+12
261.06   1.7977e+12
261.44   1.7977e+12
261.81   1.858e+12
262.18   1.8794e+12
262.55   1.8794e+12
262.92   1.8985e+12
263.3   1.9174e+12
263.67   1.9398e+12
264.04   1.9398e+12
264.41   1.9398e+12
264.78   1.9591e+12
265.15   1.9893e+12
265.52   2.0112e+12
265.9   2.044e+12
266.27   2.0619e+12
266.64   2.0619e+12
267.01   2.044e+12
267.38   2.0271e+12
267.75   2.0462e+12
268.12   2.0695e+12
268.5   2.0462e+12
268.87   2.0462e+12
269.24   2.0794e+12
269.61   2.0794e+12
269.98   2.1007e+12
270.35   2.1007e+12
270.72   2.1183e+12
271.09   2.1355e+12
271.46   2.1805e+12
271.83   2.2414e+12
272.2   2.2414e+12
272.58   2.2659e+12
272.95   2.2921e+12
273.32   2.3108e+12
273.69   2.2818e+12
274.06   2.2818e+12
274.43   2.2414e+12
274.8   2.248e+12
275.17   2.237e+12
275.54   2.1911e+12
275.91   2.2303e+12
276.28   2.2303e+12
276.65   2.2303e+12
277.02   2.2303e+12
277.39   2.2776e+12
277.76   2.281e+12
278.13   2.281e+12
278.5   2.2941e+12
278.87   2.3223e+12
279.25   2.3587e+12
279.62   2.4208e+12
279.99   2.4859e+12
280.36   2.5108e+12
280.73   2.4431e+12
281.1   2.469e+12
281.46   2.4968e+12
281.83   2.4968e+12
282.2   2.4968e+12
282.57   2.4968e+12
282.94   2.4968e+12
283.31   2.4968e+12
283.68   2.5146e+12
284.05   2.5146e+12
284.42   2.5456e+12
284.79   2.5523e+12
285.16   2.5531e+12
285.53   2.5531e+12
285.9   2.5531e+12
286.27   2.548e+12
286.64   2.5456e+12
287.01   2.5365e+12
287.38   2.5077e+12
287.75   2.4404e+12
288.12   2.3907e+12
288.49   2.3897e+12
288.86   2.3864e+12
289.23   2.3864e+12
289.59   2.3864e+12
289.96   2.3864e+12
290.33   2.3878e+12
290.7   2.3878e+12
291.07   2.3864e+12
291.44   2.3864e+12
291.81   2.3849e+12
292.18   2.3736e+12
292.55   2.3736e+12
292.92   2.3736e+12
293.28   2.3536e+12
293.65   2.3536e+12
294.02   2.3416e+12
294.39   2.3416e+12
294.76   2.3387e+12
295.13   2.3387e+12
295.5   2.3387e+12
295.86   2.3085e+12
296.23   2.2521e+12
296.6   2.225e+12
296.97   2.2095e+12
297.34   2.2095e+12
297.71   2.1796e+12
298.07   2.1796e+12
298.44   2.1609e+12
298.81   2.1609e+12
299.18   2.1497e+12
299.55   2.137e+12
299.92   2.137e+12
300.28   2.1284e+12
300.65   2.124e+12
301.02   2.1131e+12
301.39   2.0928e+12
301.75   2.1131e+12
302.12   2.1131e+12
302.49   2.0712e+12
302.86   2.0695e+12
303.23   2.0695e+12
303.59   2.0961e+12
303.96   2.1014e+12
304.33   2.1088e+12
304.7   2.1567e+12
305.06   2.204e+12
305.43   2.1567e+12
305.8   2.1071e+12
306.17   2.1567e+12
306.53   2.1762e+12
306.9   2.2076e+12
307.27   2.2076e+12
307.64   2.1762e+12
308   2.1441e+12
308.37   2.1292e+12
308.74   2.1085e+12
309.11   2.1085e+12
309.47   2.0818e+12
309.84   2.0349e+12
310.21   2.0273e+12
310.57   1.9895e+12
310.94   1.9203e+12
311.31   1.8669e+12
311.67   1.8202e+12
312.04   1.7792e+12
312.41   1.7217e+12
312.77   1.6703e+12
313.14   1.6212e+12
313.51   1.5735e+12
313.88   1.5493e+12
314.24   1.5346e+12
314.61   1.5275e+12
314.98   1.5088e+12
315.34   1.489e+12
315.71   1.4629e+12
316.07   1.4177e+12
316.44   1.384e+12
316.81   1.3639e+12
317.17   1.3355e+12
317.54   1.3173e+12
317.91   1.3109e+12
318.27   1.3109e+12
318.64   1.3e+12
319   1.2861e+12
319.37   1.2687e+12
319.74   1.2687e+12
320.1   1.2589e+12
320.47   1.2363e+12
320.83   1.199e+12
321.2   1.1794e+12
321.57   1.1681e+12
321.93   1.1712e+12
322.3   1.1505e+12
322.66   1.139e+12
323.03   1.139e+12
323.39   1.1292e+12
323.76   1.0985e+12
324.13   1.0681e+12
324.49   1.056e+12
324.86   1.0483e+12
325.22   1.0414e+12
325.59   1.0289e+12
325.95   1.0187e+12
326.32   1.0095e+12
326.69   9.8113e+11
327.05   9.8113e+11
327.42   9.5135e+11
327.78   9.4183e+11
328.15   9.723e+11
328.51   9.4183e+11
328.88   9.7554e+11
329.24   9.3989e+11
329.61   9.3628e+11
329.97   9.3989e+11
330.34   9.3628e+11
330.7   9.2925e+11
331.07   9.2839e+11
331.43   9.3628e+11
331.8   9.3628e+11
332.16   9.2839e+11
332.52   9.2839e+11
332.89   9.1365e+11
333.25   9.1365e+11
333.62   9.0163e+11
333.98   9.0286e+11
334.35   9.0286e+11
334.71   9.0003e+11
335.08   8.9814e+11
335.44   8.8851e+11
335.81   8.8851e+11
336.17   8.7558e+11
336.54   8.6859e+11
336.9   8.6178e+11
337.26   8.4819e+11
337.63   8.0523e+11
337.99   8.0523e+11
338.36   8.0523e+11
338.72   7.6824e+11
339.08   7.5753e+11
339.45   7.4683e+11
339.81   7.3889e+11
340.18   7.1215e+11
340.54   7.0958e+11
340.9   6.8926e+11
341.27   7.0958e+11
341.63   6.8926e+11
342   6.8278e+11
342.36   6.6076e+11
342.72   6.6221e+11
343.09   6.2187e+11
343.45   6.5243e+11
343.81   6.7446e+11
344.18   6.373e+11
344.54   6.3983e+11
344.9   6.1244e+11
345.27   6.1244e+11
345.63   6.0206e+11
345.99   6.1244e+11
346.36   6.0206e+11
346.72   6.0206e+11
347.08   5.9619e+11
347.45   5.9311e+11
347.81   5.867e+11
348.17   5.867e+11
348.54   5.7137e+11
348.9   5.658e+11
349.26   5.5814e+11
349.62   5.4147e+11
349.99   5.3869e+11
350.35   5.2158e+11
350.71   4.9668e+11
351.08   5.2158e+11
351.44   5.3869e+11
351.8   5.3869e+11
352.16   5.2752e+11
352.53   5.1042e+11
352.89   5.1042e+11
353.25   5.1357e+11
353.61   5.1357e+11
353.98   5.1357e+11
354.34   5.2803e+11
354.7   5.1569e+11
355.06   5.1357e+11
355.43   4.8766e+11
355.79   4.5224e+11
356.15   4.7716e+11
356.51   4.9154e+11
356.88   4.6482e+11
357.24   4.6482e+11
357.6   4.7281e+11
357.96   4.6482e+11
358.32   4.6482e+11
358.69   4.7281e+11
359.05   4.7281e+11
359.41   4.7281e+11
359.77   4.7029e+11
360.13   4.6462e+11
360.49   4.5491e+11
360.86   4.3127e+11
361.22   4.2099e+11
361.58   4.2099e+11
361.94   4.0443e+11
362.3   4.0443e+11
362.66   3.829e+11
363.03   3.829e+11
363.39   3.6456e+11
363.75   3.6456e+11
364.11   3.7291e+11
364.47   3.7291e+11
364.83   3.8451e+11
365.19   3.7291e+11
365.56   3.8132e+11
365.92   3.8072e+11
366.28   3.8072e+11
366.64   3.5085e+11
367   3.5085e+11
367.36   3.8072e+11
367.72   4.0492e+11
368.08   3.6946e+11
368.44   3.6946e+11
368.8   4.1268e+11
369.17   4.0215e+11
369.53   3.7988e+11
369.89   3.8713e+11
370.25   3.8713e+11
370.61   3.8836e+11
370.97   3.7709e+11
371.33   3.6564e+11
371.69   3.7061e+11
372.05   3.7061e+11
372.41   3.7061e+11
372.77   3.6564e+11
373.13   3.7061e+11
373.49   3.7061e+11
373.85   3.7061e+11
374.21   3.7061e+11
374.57   3.635e+11
374.93   3.5979e+11
375.29   3.5715e+11
375.65   3.5715e+11
376.01   3.5373e+11
376.37   3.5715e+11
376.73   3.5715e+11
377.09   3.5715e+11
377.45   3.5628e+11
377.81   3.5011e+11
378.17   3.4114e+11
378.53   3.4732e+11
378.89   3.4111e+11
379.25   3.4111e+11
379.61   3.4111e+11
379.97   3.3552e+11
380.33   3.3412e+11
380.69   3.2919e+11
381.05   3.1737e+11
381.41   3.2106e+11
381.77   3.2224e+11
382.13   3.2224e+11
382.49   3.2725e+11
382.85   3.2725e+11
383.21   3.2725e+11
383.57   3.1984e+11
383.93   3.2113e+11
384.29   3.2735e+11
384.64   3.4154e+11
385   3.4498e+11
385.36   3.4498e+11
385.72   3.3691e+11
386.08   3.3337e+11
386.44   3.238e+11
386.8   3.238e+11
387.16   3.3337e+11
387.52   3.4043e+11
387.88   3.4043e+11
388.23   3.4043e+11
388.59   3.5318e+11
388.95   3.5318e+11
389.31   3.5745e+11
389.67   3.5745e+11
390.03   3.7148e+11
390.38   3.5745e+11
390.74   3.5745e+11
391.1   3.3457e+11
391.46   3.1898e+11
391.82   3.0307e+11
392.18   3.0307e+11
392.54   3.0307e+11
392.89   3.0307e+11
393.25   3.2491e+11
393.61   3.2491e+11
393.97   3.3463e+11
394.33   3.3463e+11
394.68   3.3463e+11
395.04   3.5336e+11
395.4   3.5336e+11
395.76   3.4487e+11
396.12   3.3463e+11
396.47   3.2093e+11
396.83   3.2359e+11
397.19   3.0781e+11
397.55   3.0781e+11
397.9   3.0781e+11
398.26   3.0781e+11
398.62   2.9649e+11
398.98   3.0781e+11
399.33   2.7521e+11
399.69   2.4598e+11
400.05   2.4598e+11
400.41   2.4598e+11
400.76   2.4598e+11
401.12   2.4293e+11
401.48   2.4598e+11
401.84   2.5234e+11
402.19   2.5234e+11
402.55   2.4598e+11
402.91   2.5234e+11
403.26   2.4929e+11
403.62   2.4004e+11
403.98   2.1829e+11
404.34   2.1829e+11
404.69   2.2607e+11
405.05   2.1661e+11
405.41   2.1661e+11
405.76   2.2874e+11
406.12   2.5391e+11
406.48   2.3279e+11
406.83   2.3279e+11
407.19   2.3279e+11
407.55   2.3279e+11
407.9   2.3279e+11
408.26   2.485e+11
408.62   2.6877e+11
408.97   2.5523e+11
409.33   2.3496e+11
409.69   2.309e+11
410.04   2.2741e+11
410.4   2.3848e+11
410.75   2.5523e+11
411.11   2.5523e+11
411.47   2.5523e+11
411.82   2.4682e+11
412.18   2.4682e+11
412.53   2.525e+11
412.89   2.613e+11
413.25   2.6449e+11
413.6   2.7206e+11
413.96   2.6449e+11
414.31   2.5709e+11
414.67   2.6449e+11
415.02   2.5709e+11
415.38   2.5709e+11
415.74   2.4771e+11
416.09   2.4774e+11
416.45   2.3162e+11
416.8   2.1925e+11
417.16   2.1317e+11
417.51   2.1925e+11
417.87   2.2791e+11
418.23   2.2791e+11
418.58   2.2791e+11
418.94   2.2791e+11
419.29   2.3728e+11
419.65   2.3392e+11
420   2.3728e+11
420.36   2.3728e+11
420.71   2.4296e+11
421.07   2.3728e+11
421.42   2.371e+11
421.78   2.4472e+11
422.13   2.3235e+11
422.49   2.3725e+11
422.84   2.3235e+11
423.2   2.1256e+11
423.55   1.9325e+11
423.91   2.1256e+11
424.26   2.0347e+11
424.62   2.2187e+11
424.97   2.3586e+11
425.32   2.2187e+11
425.68   2.0257e+11
426.03   2.0257e+11
426.39   2.2363e+11
426.74   2.2363e+11
427.1   2.2625e+11
427.45   2.1541e+11
427.81   2.0778e+11
428.16   2.0185e+11
428.51   2.0185e+11
428.87   2.1211e+11
429.22   2.1211e+11
429.58   2.1211e+11
429.93   2.0185e+11
430.28   2.0185e+11
430.64   2.0185e+11
430.99   2.1616e+11
431.35   2.1616e+11
431.7   2.3011e+11
432.05   2.2811e+11
432.41   2.0759e+11
432.76   2.0984e+11
433.11   2.0116e+11
433.47   2.0116e+11
433.82   2.0727e+11
434.18   2.0727e+11
434.53   2.0727e+11
434.88   2.0727e+11
435.24   1.9966e+11
435.59   1.7147e+11
435.94   1.7147e+11
436.3   1.7064e+11
436.65   1.67e+11
437   1.8823e+11
437.36   1.6874e+11
437.71   1.6874e+11
438.06   1.6874e+11
438.41   1.6874e+11
438.77   1.8823e+11
439.12   2.1851e+11
439.47   2.1851e+11
439.83   2.1487e+11
440.18   2.1812e+11
440.53   1.7199e+11
440.88   1.6295e+11
441.24   1.2665e+11
441.59   1.2665e+11
441.94   1.2665e+11
442.3   1.2118e+11
442.65   1.0934e+11
443   9.0491e+10
443.35   1.0934e+11
443.7   1.0934e+11
444.06   1.0934e+11
444.41   1.1204e+11
444.76   1.3957e+11
445.11   1.1204e+11
445.47   1.1204e+11
445.82   1.2773e+11
446.17   1.6688e+11
446.52   1.8067e+11
446.88   1.6905e+11
447.23   1.1107e+11
447.58   1.6994e+11
447.93   1.4265e+11
448.28   1.5067e+11
448.63   1.5134e+11
448.99   1.5134e+11
449.34   1.5134e+11
449.69   1.3071e+11
450.04   1.3071e+11
450.39   1.4805e+11
450.75   1.4805e+11
451.1   1.4805e+11
451.45   1.4805e+11
451.8   1.3026e+11
452.15   1.2387e+11
452.5   1.4293e+11
452.85   1.4293e+11
453.2   1.2908e+11
453.56   1.2908e+11
453.91   1.0331e+11
454.26   1.2055e+11
454.61   1.0331e+11
454.96   1.2055e+11
455.31   1.2055e+11
455.66   1.2535e+11
456.01   1.0998e+11
456.37   1.0331e+11
456.72   1.0998e+11
457.07   1.0998e+11
457.42   1.032e+11
457.77   9.4671e+10
458.12   1.0625e+11
458.47   9.4671e+10
458.82   1.0625e+11
459.17   1.3524e+11
459.52   1.3524e+11
459.87   1.5012e+11
460.22   1.5012e+11
460.57   1.5012e+11
460.92   1.5012e+11
461.27   1.5012e+11
461.62   1.0575e+11
461.97   1.0575e+11
462.32   1.0575e+11
462.68   9.4003e+10
463.02   1.1573e+11
463.38   1.1638e+11
463.73   1.1638e+11
464.07   1.051e+11
464.43   1.175e+11
464.77   1.3212e+11
465.12   1.3212e+11
465.48   1.4909e+11
465.82   1.3212e+11
466.17   1.4909e+11
466.52   1.5979e+11
466.87   1.4616e+11
467.22   1.3154e+11
467.57   1.2891e+11
467.92   1.0575e+11
468.27   8.8572e+10
468.62   8.8572e+10
468.97   8.8572e+10
469.32   9.3362e+10
469.67   9.3362e+10
470.02   9.3362e+10
470.37   1.1832e+11
470.72   1.4063e+11
471.07   1.4063e+11
471.42   1.4063e+11
471.76   1.4063e+11
472.11   1.5552e+11
472.46   1.5552e+11
472.81   1.5552e+11
473.16   1.4063e+11
473.51   1.2903e+11
473.86   1.0056e+11
474.21   9.2992e+10
474.56   1.0056e+11
474.9   1.0056e+11
475.25   9.6218e+10
475.6   9.0988e+10
475.95   8.1151e+10
476.3   8.1151e+10
476.65   8.1151e+10
477   8.4377e+10
477.35   1.0567e+11
477.69   1.2312e+11
478.04   1.2312e+11
478.39   1.3378e+11
478.74   1.3378e+11
479.09   1.4116e+11
479.43   1.4135e+11
479.78   1.4437e+11
480.13   1.4731e+11
480.48   1.4731e+11
480.83   1.4731e+11
481.18   1.4476e+11
481.52   1.3696e+11
481.87   1.3169e+11
482.22   1.3169e+11
482.57   1.26e+11
482.91   1.2008e+11
483.26   1.2008e+11
483.61   1.2008e+11
483.96   1.26e+11
484.3   1.3169e+11
484.65   1.3169e+11
485   1.368e+11
485.35   1.4853e+11
485.69   1.4853e+11
486.04   1.4853e+11
486.39   1.5263e+11
486.74   1.4853e+11
487.08   1.4787e+11
487.43   1.4156e+11
487.78   1.4156e+11
488.12   1.4156e+11
488.47   1.4409e+11
488.82   1.4327e+11
489.17   1.4327e+11
489.51   1.4958e+11
489.86   1.4045e+11
490.21   1.4958e+11
490.55   1.4045e+11
490.9   1.4798e+11
491.25   1.3967e+11
491.59   1.4798e+11
491.94   1.4798e+11
492.29   1.3967e+11
492.63   1.5259e+11
492.98   1.5395e+11
493.33   1.5395e+11
493.67   1.5125e+11
494.02   1.5125e+11
494.37   1.58e+11
494.71   1.58e+11
495.06   1.58e+11
495.4   1.6054e+11
495.75   1.7449e+11
496.1   1.6924e+11
496.44   1.6924e+11
496.79   1.6924e+11
497.13   1.913e+11
497.48   2.0049e+11
497.83   2.0185e+11
498.17   2.0241e+11
498.52   2.0185e+11
498.86   2.0241e+11
499.21   2.0241e+11
499.56   2.0284e+11
499.9   2.0241e+11
500.25   2.0241e+11
500.59   2.0085e+11
500.94   1.955e+11
501.28   1.955e+11
501.63   1.955e+11
501.97   2.0858e+11
502.32   1.9219e+11
502.67   1.9614e+11
503.01   1.9614e+11
503.36   1.9618e+11
503.7   1.9618e+11
504.05   2.0936e+11
504.39   2.1866e+11
504.74   2.2263e+11
505.08   2.0996e+11
505.43   2.0996e+11
505.77   2.13e+11
506.12   2.2114e+11
506.46   2.2114e+11
506.81   2.2476e+11
507.15   2.2637e+11
507.5   2.2637e+11
507.84   2.3649e+11
508.18   2.2637e+11
508.53   2.3649e+11
508.87   2.4791e+11
509.22   2.4791e+11
509.56   2.3649e+11
509.91   2.3227e+11
510.25   2.4145e+11
510.6   2.4145e+11
510.94   2.4145e+11
511.28   2.4369e+11
511.63   2.4369e+11
511.97   2.4369e+11
512.32   2.4667e+11
512.66   2.4667e+11
513   2.4667e+11
513.35   2.5122e+11
513.69   2.5367e+11
514.04   2.5367e+11
514.38   2.5367e+11
514.72   2.4259e+11
515.07   2.4785e+11
515.41   2.4785e+11
515.75   2.4561e+11
516.1   2.4561e+11
516.44   2.4785e+11
516.79   2.5518e+11
517.13   2.5665e+11
517.47   2.7734e+11
517.82   2.5665e+11
518.16   2.5665e+11
518.5   2.5441e+11
518.85   2.5441e+11
519.19   2.6196e+11
519.53   2.7734e+11
519.88   2.7734e+11
520.22   2.9115e+11
520.56   2.9115e+11
520.9   2.9436e+11
521.25   3.0201e+11
521.59   3.0201e+11
521.93   3.0881e+11
522.28   3.0201e+11
522.62   3.1118e+11
522.96   3.0718e+11
523.3   3.0718e+11
523.65   3.2227e+11
523.99   3.2183e+11
524.33   3.2183e+11
524.67   3.3657e+11
525.02   3.4175e+11
525.36   3.3657e+11
525.7   3.3657e+11
526.04   3.3313e+11
526.39   3.3657e+11
526.73   3.4175e+11
527.07   3.4175e+11
527.41   3.4175e+11
527.76   3.4561e+11
528.1   3.4561e+11
528.44   3.477e+11
528.78   3.477e+11
529.12   3.5509e+11
529.47   3.6689e+11
529.81   3.7693e+11
530.15   3.7693e+11
530.49   3.8843e+11
530.83   4.1228e+11
531.18   4.1228e+11
531.52   4.2813e+11
531.86   4.3785e+11
532.2   4.4706e+11
532.54   4.4706e+11
532.88   4.4706e+11
533.23   4.4238e+11
533.57   4.4238e+11
533.91   4.4238e+11
534.25   4.2676e+11
534.59   4.2676e+11
534.93   4.2676e+11
535.27   4.2676e+11
535.61   4.2676e+11
535.96   4.4402e+11
536.3   4.5296e+11
536.64   4.5371e+11
536.98   4.7249e+11
537.32   4.9177e+11
537.66   4.9177e+11
538   4.9426e+11
538.34   4.9834e+11
538.68   5.0403e+11
539.02   4.9834e+11
539.36   5.0403e+11
539.7   4.9834e+11
540.04   5.0403e+11
540.38   5.1096e+11
540.73   5.2091e+11
541.07   5.3483e+11
541.41   5.488e+11
541.75   5.5823e+11
542.09   5.5804e+11
542.43   5.5804e+11
542.77   5.6552e+11
543.11   5.6552e+11
543.45   5.6552e+11
543.79   5.6736e+11
544.13   5.6736e+11
544.47   5.6948e+11
544.81   5.6948e+11
545.15   5.6948e+11
545.49   5.7598e+11
545.83   5.7598e+11
546.17   5.8534e+11
546.51   6.0083e+11
546.85   6.0083e+11
547.19   6.1491e+11
547.53   6.1491e+11
547.87   6.2083e+11
548.21   6.2083e+11
548.54   6.2083e+11
548.88   6.4051e+11
549.22   6.673e+11
549.56   6.673e+11
549.9   6.673e+11
550.24   6.7414e+11
550.58   6.787e+11
550.92   6.8048e+11
551.26   6.8929e+11
551.6   6.8024e+11
551.94   6.9652e+11
552.28   7.1128e+11
552.62   7.1257e+11
552.95   7.1719e+11
553.29   7.1803e+11
553.63   7.2427e+11
553.97   7.3805e+11
554.31   7.4588e+11
554.65   7.5568e+11
554.99   7.6578e+11
555.33   7.7331e+11
555.66   7.84e+11
556   7.866e+11
556.34   7.8924e+11
556.68   8.0255e+11
557.02   8.0255e+11
557.36   8.0255e+11
557.69   8.0255e+11
558.03   8.1541e+11
558.37   8.161e+11
558.71   8.161e+11
559.05   8.221e+11
559.38   8.2832e+11
559.72   8.2832e+11
560.06   8.2992e+11
560.4   8.2992e+11
560.74   8.4095e+11
561.07   8.6702e+11
561.41   8.8677e+11
561.75   8.9667e+11
562.09   8.9254e+11
562.42   9.0445e+11
562.76   9.0883e+11
563.1   9.0445e+11
563.44   9.0445e+11
563.77   9.1004e+11
564.11   9.1004e+11
564.45   9.1004e+11
564.79   9.0132e+11
565.12   9.0132e+11
565.46   9.1384e+11
565.8   9.1667e+11
566.14   9.3441e+11
566.47   9.7211e+11
566.81   9.9196e+11
567.15   1.0096e+12
567.48   1.0267e+12
567.82   1.0398e+12
568.16   1.0524e+12
568.5   1.0524e+12
568.83   1.0524e+12
569.17   1.0398e+12
569.5   1.0524e+12
569.84   1.0558e+12
570.18   1.0558e+12
570.51   1.0664e+12
570.85   1.0664e+12
571.19   1.0834e+12
571.52   1.0834e+12
571.86   1.1027e+12
572.2   1.1224e+12
572.53   1.1467e+12
572.87   1.1688e+12
573.21   1.1688e+12
573.54   1.1799e+12
573.88   1.1799e+12
574.21   1.1888e+12
574.55   1.1888e+12
574.89   1.2091e+12
575.22   1.2279e+12
575.56   1.2247e+12
575.89   1.2225e+12
576.23   1.2247e+12
576.57   1.2279e+12
576.9   1.2369e+12
577.24   1.2487e+12
577.57   1.2714e+12
577.91   1.2906e+12
578.24   1.293e+12
578.58   1.2974e+12
578.91   1.3109e+12
579.25   1.3204e+12
579.59   1.3331e+12
579.92   1.3504e+12
580.26   1.358e+12
580.59   1.3614e+12
580.93   1.3614e+12
581.26   1.3614e+12
581.6   1.3624e+12
581.93   1.365e+12
582.27   1.3746e+12
582.6   1.4228e+12
582.94   1.4647e+12
583.27   1.469e+12
583.61   1.4812e+12
583.94   1.4948e+12
584.27   1.4948e+12
584.61   1.4948e+12
584.95   1.4812e+12
585.28   1.4812e+12
585.61   1.4812e+12
585.95   1.4869e+12
586.28   1.4781e+12
586.62   1.4781e+12
586.95   1.4781e+12
587.29   1.4781e+12
587.62   1.4781e+12
587.95   1.4841e+12
588.29   1.4963e+12
588.62   1.5258e+12
588.96   1.5603e+12
589.29   1.5772e+12
589.62   1.5897e+12
589.96   1.5897e+12
590.29   1.6028e+12
590.63   1.6454e+12
590.96   1.6653e+12
591.29   1.6755e+12
591.63   1.6907e+12
591.96   1.6907e+12
592.29   1.6907e+12
592.63   1.6907e+12
592.96   1.6932e+12
593.29   1.7071e+12
593.63   1.709e+12
593.96   1.7146e+12
594.3   1.726e+12
594.63   1.7336e+12
594.96   1.7372e+12
595.29   1.7601e+12
595.63   1.7806e+12
595.96   1.7823e+12
596.29   1.787e+12
596.63   1.787e+12
596.96   1.787e+12
597.29   1.7828e+12
597.63   1.7929e+12
597.96   1.8166e+12
598.29   1.8166e+12
598.62   1.8309e+12
598.96   1.8309e+12
599.29   1.8462e+12
599.62   1.8761e+12
599.96   1.8892e+12
600.29   1.893e+12
600.62   1.8945e+12
600.95   1.897e+12
601.29   1.9086e+12
601.62   1.897e+12
601.95   1.9171e+12
602.28   1.9364e+12
602.62   1.9364e+12
602.95   1.9569e+12
603.28   1.9713e+12
603.61   1.9792e+12
603.94   1.9792e+12
604.27   1.9849e+12
604.61   1.9849e+12
604.94   1.9931e+12
605.27   2.0085e+12
605.6   2.0085e+12
605.93   2.0245e+12
606.27   2.0333e+12
606.6   2.039e+12
606.93   2.0452e+12
607.26   2.0485e+12
607.59   2.0488e+12
607.92   2.0485e+12
608.25   2.0623e+12
608.59   2.0458e+12
608.92   2.0458e+12
609.25   2.0458e+12
609.58   2.0623e+12
609.91   2.0715e+12
610.24   2.0944e+12
610.57   2.0944e+12
610.9   2.0737e+12
611.24   2.0737e+12
611.57   2.0737e+12
611.9   2.0804e+12
612.23   2.0804e+12
612.56   2.1036e+12
612.89   2.1036e+12
613.22   2.1036e+12
613.55   2.1201e+12
613.88   2.1201e+12
614.21   2.1201e+12
614.54   2.1275e+12
614.87   2.1284e+12
615.2   2.1284e+12
615.53   2.1284e+12
615.87   2.133e+12
616.2   2.133e+12
616.53   2.1424e+12
616.86   2.1582e+12
617.19   2.1582e+12
617.52   2.1825e+12
617.85   2.1825e+12
618.18   2.1693e+12
618.51   2.1732e+12
618.84   2.1732e+12
619.17   2.2013e+12
619.5   2.1732e+12
619.83   2.1693e+12
620.16   2.1431e+12
620.49   2.1146e+12
620.82   2.1084e+12
621.14   2.1084e+12
621.47   2.1084e+12
621.8   2.1084e+12
622.13   2.1146e+12
622.46   2.1146e+12
622.79   2.1418e+12
623.12   2.1812e+12
623.45   2.1812e+12
623.78   2.1858e+12
624.11   2.2007e+12
624.44   2.2161e+12
624.77   2.2161e+12
625.1   2.2161e+12
625.42   2.2359e+12
625.75   2.2161e+12
626.08   2.1912e+12
626.41   2.1912e+12
626.74   2.1912e+12
627.07   2.1915e+12
627.4   2.1968e+12
627.73   2.1737e+12
628.06   2.1737e+12
628.38   2.1737e+12
628.71   2.1737e+12
629.04   2.1748e+12
629.37   2.1748e+12
629.7   2.1748e+12
630.03   2.178e+12
630.36   2.19e+12
630.68   2.19e+12
631.01   2.2095e+12
631.34   2.2095e+12
631.67   2.2292e+12
632   2.2292e+12
632.32   2.2292e+12
632.65   2.2463e+12
632.98   2.2352e+12
633.31   2.2086e+12
633.64   2.1754e+12
633.96   2.1562e+12
634.29   2.1562e+12
634.62   2.1562e+12
634.95   2.1501e+12
635.27   2.1501e+12
635.6   2.1501e+12
635.93   2.1501e+12
636.26   2.1562e+12
636.58   2.1562e+12
636.91   2.1775e+12
637.24   2.2013e+12
637.57   2.1703e+12
637.89   2.1839e+12
638.22   2.1969e+12
638.55   2.1969e+12
638.88   2.1969e+12
639.2   2.1839e+12
639.53   2.1765e+12
639.86   2.1824e+12
640.18   2.1824e+12
640.51   2.1765e+12
640.84   2.1765e+12
641.16   2.151e+12
641.49   2.1385e+12
641.82   2.1673e+12
642.14   2.1673e+12
642.47   2.1824e+12
642.8   2.1699e+12
643.12   2.1543e+12
643.45   2.1379e+12
643.78   2.1379e+12
644.1   2.1543e+12
644.43   2.1543e+12
644.75   2.1444e+12
645.08   2.1213e+12
645.41   2.1004e+12
645.73   2.0827e+12
646.06   2.0744e+12
646.38   2.0852e+12
646.71   2.0852e+12
647.04   2.0852e+12
647.36   2.0744e+12
647.69   2.0659e+12
648.01   2.0684e+12
648.34   2.0852e+12
648.67   2.0684e+12
648.99   2.0684e+12
649.32   2.0578e+12
649.64   2.0578e+12
649.97   2.0578e+12
650.29   2.017e+12
650.62   2.0145e+12
650.94   2.0531e+12
651.27   2.0231e+12
651.6   2.0024e+12
651.92   2.0259e+12
652.25   2.0259e+12
652.57   2.0466e+12
652.89   2.0259e+12
653.22   2.0259e+12
653.54   2.0405e+12
653.87   2.0238e+12
654.2   2.0024e+12
654.52   1.9919e+12
654.85   1.9663e+12
655.17   1.9329e+12
655.49   1.9014e+12
655.82   1.9014e+12
656.14   1.8919e+12
656.47   1.8982e+12
656.79   1.8982e+12
657.12   1.9329e+12
657.44   1.9329e+12
657.77   1.9374e+12
658.09   1.9374e+12
658.41   1.9479e+12
658.74   1.9479e+12
659.06   1.9087e+12
659.39   1.9038e+12
659.71   1.8664e+12
660.03   1.8231e+12
660.36   1.8231e+12
660.68   1.7806e+12
661.01   1.7479e+12
661.33   1.7268e+12
661.65   1.7268e+12
661.98   1.7268e+12
662.3   1.731e+12
662.62   1.731e+12
662.95   1.7308e+12
663.27   1.7701e+12
663.6   1.7701e+12
663.92   1.8211e+12
664.24   1.8211e+12
664.57   1.8211e+12
664.89   1.8146e+12
665.21   1.8146e+12
665.54   1.7575e+12
665.86   1.6984e+12
666.18   1.6974e+12
666.5   1.6974e+12
666.83   1.6974e+12
667.15   1.6974e+12
667.47   1.7305e+12
667.8   1.6976e+12
668.12   1.7305e+12
668.44   1.7471e+12
668.76   1.769e+12
669.09   1.769e+12
669.41   1.769e+12
669.73   1.7471e+12
670.06   1.7331e+12
670.38   1.7266e+12
670.7   1.7172e+12
671.02   1.7172e+12
671.35   1.7013e+12
671.67   1.6627e+12
671.99   1.5983e+12
672.31   1.5641e+12
672.63   1.5546e+12
672.96   1.5546e+12
673.28   1.5546e+12
673.6   1.5455e+12
673.92   1.5455e+12
674.24   1.555e+12
674.57   1.5455e+12
674.89   1.4992e+12
675.21   1.524e+12
675.53   1.5206e+12
675.85   1.5303e+12
676.17   1.5123e+12
676.5   1.5123e+12
676.82   1.5123e+12
677.14   1.5209e+12
677.46   1.5111e+12
677.78   1.5209e+12
678.1   1.5303e+12
678.42   1.5303e+12
678.75   1.5218e+12
679.07   1.5207e+12
679.39   1.5207e+12
679.71   1.5207e+12
680.03   1.5207e+12
680.35   1.51e+12
680.67   1.4981e+12
680.99   1.489e+12
681.31   1.489e+12
681.63   1.4641e+12
681.96   1.489e+12
682.28   1.4671e+12
682.6   1.5287e+12
682.92   1.4671e+12
683.24   1.4671e+12
683.56   1.4442e+12
683.88   1.4442e+12
684.2   1.4164e+12
684.52   1.3188e+12
684.84   1.3596e+12
685.16   1.2924e+12
685.48   1.3071e+12
685.8   1.2682e+12
686.12   1.2534e+12
686.44   1.2311e+12
686.76   1.234e+12
687.08   1.234e+12
687.4   1.2035e+12
687.72   1.2035e+12
688.04   1.2035e+12
688.36   1.234e+12
688.68   1.234e+12
689   1.2035e+12
689.32   1.1898e+12
689.64   1.1945e+12
689.96   1.1678e+12
690.28   1.1945e+12
690.6   1.2392e+12
690.92   1.2392e+12
691.24   1.1945e+12
691.56   1.1945e+12
691.88   1.1569e+12
692.19   1.1419e+12
692.51   1.1148e+12
692.83   1.1148e+12
693.15   1.1586e+12
693.47   1.1034e+12
693.79   1.1034e+12
694.11   1.0843e+12
694.43   1.1518e+12
694.75   1.139e+12
695.07   1.152e+12
695.38   1.1676e+12
695.7   1.207e+12
696.02   1.207e+12
696.34   1.1676e+12
696.66   1.1676e+12
696.98   1.152e+12
697.29   1.152e+12
697.61   1.152e+12
697.93   1.1146e+12
698.25   1.0475e+12
698.57   1.0475e+12
698.89   1.0475e+12
699.2   9.3437e+11
699.52   1.0475e+12
699.84   1.0583e+12
700.16   1.0701e+12
700.48   1.1221e+12
700.79   1.0701e+12
701.11   1.0484e+12
701.43   1.1123e+12
701.75   1.0621e+12
702.07   1.0484e+12
702.38   1.0484e+12
702.7   1.0484e+12
703.02   1.0621e+12
703.34   1.101e+12
703.65   1.101e+12
703.97   1.126e+12
704.29   1.126e+12
704.61   1.089e+12
704.92   1.0682e+12
705.24   1.126e+12
705.56   1.126e+12
705.87   1.0682e+12
706.19   1.0682e+12
706.51   1.0206e+12
706.83   1.0146e+12
707.14   1.0146e+12
707.46   1.0146e+12
707.77   1.0146e+12
708.09   1.0146e+12
708.41   9.9043e+11
708.73   9.9043e+11
709.04   9.6735e+11
709.36   9.6735e+11
709.67   9.6735e+11
709.99   9.6735e+11
710.31   9.6735e+11
710.62   9.5415e+11
710.94   9.5415e+11
711.26   8.8035e+11
711.57   8.669e+11
711.89   8.669e+11
712.21   7.5477e+11
712.52   7.5477e+11
712.84   7.5477e+11
713.15   8.0602e+11
713.47   7.2082e+11
713.78   7.2082e+11
714.1   8.0719e+11
714.42   8.6175e+11
714.73   8.8689e+11
715.05   8.8689e+11
715.36   8.8689e+11
715.68   8.5625e+11
716   7.7655e+11
716.31   7.7303e+11
716.63   6.9647e+11
716.94   5.6427e+11
717.26   5.0738e+11
717.57   5.0738e+11
717.89   4.2863e+11
718.2   4.2863e+11
718.52   5.0738e+11
718.83   5.0738e+11
719.15   5.8813e+11
719.46   5.8813e+11
719.78   7.7391e+11
720.09   9.4658e+11
720.41   9.4658e+11
720.72   9.4658e+11
721.04   9.8481e+11
721.35   9.865e+11
721.67   9.865e+11
721.98   9.865e+11
722.29   9.6324e+11
722.61   9.6324e+11
722.92   9.6324e+11
723.24   9.6324e+11
723.55   9.6657e+11
723.87   9.8719e+11
724.18   9.6657e+11
724.5   9.645e+11
724.81   9.645e+11
725.12   8.4632e+11
725.44   8.1621e+11
725.75   6.7367e+11
726.07   6.7675e+11
726.38   6.7192e+11
726.69   6.1895e+11
727.01   6.1895e+11
727.32   6.1895e+11
727.63   6.1895e+11
727.95   6.1895e+11
728.26   6.7192e+11
728.58   5.7716e+11
728.89   6.7192e+11
729.2   6.1818e+11
729.52   3.4883e+11
729.83   3.3488e+11
730.14   3.3488e+11
730.46   5.2023e+11
730.77   2.5743e+11
731.08   4.2661e+11
731.39   4.2661e+11
731.71   4.2661e+11
732.02   3.7982e+11
732.33   3.7982e+11
732.65   4.4677e+11
732.96   6.6191e+11
733.27   5.9317e+11
733.59   4.4677e+11
733.9   5.0443e+11
734.21   6.0404e+11
734.52   4.5764e+11
734.84   6.0404e+11
735.15   6.0404e+11
735.46   7.1067e+11
735.77   7.1067e+11
736.09   6.6922e+11
736.4   5.8047e+11
736.71   5.9248e+11
737.02   5.9248e+11
737.33   4.1517e+11
737.65   4.3459e+11
737.96   4.3459e+11
738.27   5.9248e+11
738.58   4.625e+11
738.89   3.5778e+11
739.21   3.0164e+11
739.52   3.5778e+11
739.83   3.0164e+11
740.14   3.5778e+11
740.45   5.162e+11
740.76   5.9758e+11
741.08   5.9758e+11
741.39   4.6844e+11
741.7   5.9758e+11
742.01   5.9758e+11
742.32   5.9758e+11
742.63   4.6844e+11
742.94   5.9758e+11
743.25   5.9055e+11
743.57   5.9055e+11
743.88   6.8172e+11
744.19   6.2706e+11
744.5   6.2706e+11
744.81   4.8956e+11
745.12   6.2706e+11
745.43   6.2706e+11
745.74   6.2706e+11
746.05   6.1703e+11
746.36   4.851e+11
746.67   4.851e+11
746.99   1.6701e+11
747.3   1.6701e+11
747.61   4.851e+11
747.92   5.2002e+11
748.23   5.2002e+11
748.54   5.8309e+11
748.85   5.4685e+11
749.16   5.4685e+11
749.47   5.4685e+11
749.78   5.4685e+11
750.09   5.6654e+11
750.4   5.6654e+11
750.71   5.6654e+11
751.02   6.2573e+11
751.33   5.6654e+11
751.64   5.5977e+11
751.95   4.1775e+11
752.26   4.1775e+11
752.57   6.2573e+11
752.88   4.5712e+11
753.19   2.9541e+11
753.5   2.9541e+11
753.8   2.9541e+11
754.12   2.9541e+11
754.42   2.9541e+11
754.73   3.7984e+11
755.04   3.7984e+11
755.35   4.5946e+11
755.66   3.7984e+11
755.97   4.5946e+11
756.28   4.5946e+11
756.59   4.2949e+11
756.9   4.2949e+11
757.21   2.303e+11
757.51   2.303e+11
757.82   2.303e+11
758.13   2.7187e+11
758.44   1.6514e+11
758.75   2.7187e+11
759.06   2.7187e+11
759.37   3.3601e+11
759.68   5.3417e+11
759.98   5.3417e+11
760.29   5.3417e+11
760.6   5.3417e+11
760.91   3.7746e+11
761.22   5.3417e+11
761.53   6.1888e+11
761.83   5.7795e+11
762.14   4.6216e+11
762.45   2.5602e+11
762.76   1.4576e+11
763.07   -9.7186e+10
763.37   7.4164e+09
763.68   -4.2248e+11
763.99   -4.2248e+11
764.3   -6.5298e+11
764.61   -6.5298e+11
764.91   -6.191e+11
765.22   -5.119e+11
765.53   -3.5883e+11
765.84   -1.8201e+11
766.14   -3.0531e+11
766.45   -3.0531e+11
766.76   -1.987e+10
767.06   -1.987e+10
767.37   1.491e+11
767.68   1.491e+11
767.99   1.491e+11
768.29   -1.987e+10
768.6   -1.987e+10
768.91   1.491e+11
769.21   1.491e+11
769.52   1.8691e+10
769.83   1.8691e+10
770.13   -1.3056e+11
770.44   -1.4499e+11
770.75   -1.0347e+11
771.05   5.2952e+10
771.36   5.2952e+10
771.67   5.2952e+10
771.97   5.2952e+10
772.28   5.2952e+10
772.59   3.6248e+11
772.89   3.6248e+11
773.2   3.7098e+11
773.51   5.8812e+11
773.81   6.1522e+11
774.12   6.1522e+11
774.42   7.1767e+11
774.73   6.1522e+11
775.04   4.5618e+11
775.34   6.1507e+11
775.65   6.323e+11
775.95   3.7082e+11
776.26   -2.2169e+11
776.57   -3.0882e+11
776.87   -1.3935e+12
777.18   -5.646e+11
777.48   -9.8627e+11
777.79   -9.8627e+11
778.09   -5.7778e+11
778.4   -5.7778e+11
778.7   -5.7778e+11
779.01   -4.1467e+10
779.31   1.0072e+11
779.62   1.0072e+11
779.92   1.3e+11
780.23   2.857e+11
780.53   2.857e+11
780.84   5.3491e+11
781.14   5.3491e+11
781.45   4.3166e+11
781.75   6.3767e+11
782.06   6.3767e+11
782.36   6.3767e+11
782.67   6.5121e+11
782.97   6.5121e+11
783.28   1.3424e+11
783.58   7.3203e+11
783.89   1.3424e+11
784.19   7.3203e+11
784.5   4.4259e+11
784.8   2.3758e+11
785.1   2.3758e+11
785.41   -3.3411e+11
785.71   -4.7913e+11
786.02   -3.0023e+11
786.32   -4.7913e+11
786.62   -5.2696e+11
786.93   -5.2696e+11
787.23   -5.2696e+11
787.53   -8.8639e+11
787.84   -8.8639e+11
788.14   -4.9307e+11
788.45   -8.3857e+11
788.75   -4.1173e+11
789.05   -4.1173e+11
789.36   5.8314e+11
789.66   7.6104e+11
789.96   8.4651e+11
790.27   7.6104e+11
790.57   7.6104e+11
790.87   6.4958e+11
791.18   8.4333e+11
791.48   8.4333e+11
791.78   6.4958e+11
792.09   7.3505e+11
792.39   3.4498e+11
792.69   -3.6258e+10
793   -5.3847e+11
793.3   -6.2933e+11
793.6   -6.2933e+11
793.9   -1.2527e+12
794.21   -1.2527e+12
794.51   -6.2933e+11
794.81   -6.2933e+11
795.12   -6.2933e+11
795.42   -1.2527e+12
795.72   -5.849e+11
796.02   -1.3522e+11
796.32   -1.3522e+11
796.63   8.4265e+11
796.93   8.4265e+11
797.23   -1.3522e+11
797.53   -1.3522e+11
797.84   4.0107e+11
798.14   -6.9641e+11
798.44   -6.9641e+11
798.74   -9.8218e+11
799.04   -9.8218e+11
799.35   -4.1217e+11
799.65   -4.1217e+11
799.95   0
