200.34   0
200.72   0
201.1   0
201.48   0
201.85   0
202.23   0
202.61   0
202.99   -0
203.36   0
203.74   -0
204.12   0
204.5   -0
204.87   -0
205.25   -0
205.63   0
206   0
206.38   -0
206.76   0
207.13   0
207.51   0
207.89   -0
208.27   -0
208.64   0
209.02   0
209.4   -0
209.77   -0
210.15   -0
210.53   -0
210.9   -4.0253e+11
211.28   -4.0253e+11
211.66   -9.4339e+11
212.03   -9.4339e+11
212.41   -9.4339e+11
212.79   -9.4339e+11
213.16   -6.5315e+11
213.54   -1.8958e+11
213.92   -1.8958e+11
214.29   -1.8958e+11
214.67   4.7528e+09
215.04   4.7528e+09
215.42   3.327e+11
215.8   7.0096e+11
216.17   7.0096e+11
216.55   3.38e+11
216.93   1.1429e+12
217.3   4.6331e+11
217.68   4.6331e+11
218.06   1.3059e+12
218.43   4.6331e+11
218.81   -2.5651e+10
219.18   -2.5651e+10
219.56   -2.5651e+10
219.93   1.328e+11
220.31   3.3072e+11
220.69   3.3072e+11
221.06   3.3072e+11
221.44   7.0496e+11
221.81   7.0496e+11
222.19   7.0496e+11
222.56   7.0496e+11
222.94   6.1435e+11
223.32   5.2318e+11
223.69   8.9742e+11
224.07   8.9742e+11
224.44   8.9656e+11
224.82   8.9656e+11
225.19   8.9656e+11
225.57   7.807e+11
225.94   7.807e+11
226.32   8.9656e+11
226.69   9.4346e+11
227.07   9.4346e+11
227.44   9.4346e+11
227.82   9.4346e+11
228.19   9.8325e+11
228.57   1.0792e+12
228.94   1.15e+12
229.32   1.15e+12
229.69   1.2427e+12
230.07   1.2427e+12
230.44   1.3877e+12
230.82   1.5174e+12
231.19   1.3877e+12
231.57   1.3877e+12
231.94   1.3877e+12
232.32   1.3877e+12
232.69   1.7673e+12
233.07   2.0489e+12
233.44   2.1056e+12
233.82   2.1056e+12
234.19   1.9878e+12
234.57   2.1828e+12
234.94   2.1828e+12
235.31   1.8294e+12
235.69   1.8294e+12
236.06   1.8294e+12
236.44   1.7017e+12
236.81   1.7017e+12
237.19   1.7017e+12
237.56   1.7017e+12
237.94   1.5517e+12
238.31   1.5517e+12
238.68   1.379e+12
239.06   1.5941e+12
239.43   1.9911e+12
239.81   2.2546e+12
240.18   2.2546e+12
240.55   2.2605e+12
240.93   2.2605e+12
241.3   2.1765e+12
241.67   2.1765e+12
242.05   2.1312e+12
242.42   2.1808e+12
242.8   2.1312e+12
243.17   2.1312e+12
243.54   2.0644e+12
243.92   1.7202e+12
244.29   1.4949e+12
244.66   1.4949e+12
245.04   1.7764e+12
245.41   1.7764e+12
245.78   1.774e+12
246.16   1.6264e+12
246.53   1.4641e+12
246.9   1.2916e+12
247.28   1.4641e+12
247.65   1.6264e+12
248.02   1.66e+12
248.4   1.7526e+12
248.77   1.7526e+12
249.14   1.7526e+12
249.52   1.66e+12
249.89   1.543e+12
250.26   1.711e+12
250.63   1.8069e+12
251.01   1.7721e+12
251.38   1.6795e+12
251.75   1.6501e+12
252.13   1.5137e+12
252.5   1.5137e+12
252.87   1.5921e+12
253.25   1.5921e+12
253.62   1.6651e+12
253.99   1.6596e+12
254.36   1.5921e+12
254.74   1.5921e+12
255.11   1.6477e+12
255.48   1.6477e+12
255.85   1.6733e+12
256.23   1.6733e+12
256.6   1.6733e+12
256.97   1.6745e+12
257.34   1.6719e+12
257.71   1.6719e+12
258.09   1.6745e+12
258.46   1.6719e+12
258.83   1.6625e+12
259.2   1.6745e+12
259.58   1.6625e+12
259.95   1.6258e+12
260.32   1.6249e+12
260.69   1.4488e+12
261.06   1.476e+12
261.44   1.476e+12
261.81   1.3827e+12
262.18   1.2854e+12
262.55   1.3827e+12
262.92   1.2698e+12
263.3   1.3827e+12
263.67   1.4797e+12
264.04   1.4797e+12
264.41   1.5411e+12
264.78   1.5262e+12
265.15   1.5262e+12
265.52   1.5735e+12
265.9   1.7657e+12
266.27   1.5735e+12
266.64   1.5735e+12
267.01   1.5735e+12
267.38   1.6762e+12
267.75   1.7689e+12
268.12   1.7689e+12
268.5   1.7689e+12
268.87   1.7253e+12
269.24   1.7253e+12
269.61   1.6731e+12
269.98   1.7253e+12
270.35   1.7689e+12
270.72   1.7733e+12
271.09   1.8824e+12
271.46   1.8695e+12
271.83   1.8695e+12
272.2   1.9891e+12
272.58   2.1374e+12
272.95   2.053e+12
273.32   2.053e+12
273.69   2.1719e+12
274.06   2.3041e+12
274.43   2.3041e+12
274.8   2.2484e+12
275.17   2.3041e+12
275.54   2.3041e+12
275.91   2.3194e+12
276.28   2.3111e+12
276.65   2.3536e+12
277.02   2.3711e+12
277.39   2.3711e+12
277.76   2.3711e+12
278.13   2.3536e+12
278.5   2.3536e+12
278.87   2.2978e+12
279.25   2.3023e+12
279.62   2.3023e+12
279.99   2.3023e+12
280.36   2.4828e+12
280.73   2.4828e+12
281.1   2.598e+12
281.46   2.3754e+12
281.83   2.598e+12
282.2   2.598e+12
282.57   2.6519e+12
282.94   2.6519e+12
283.31   2.6579e+12
283.68   2.6579e+12
284.05   2.6602e+12
284.42   2.5458e+12
284.79   2.5458e+12
285.16   2.5458e+12
285.53   2.5458e+12
285.9   2.6602e+12
286.27   2.8384e+12
286.64   2.8384e+12
287.01   2.537e+12
287.38   2.4066e+12
287.75   2.4066e+12
288.12   2.4066e+12
288.49   2.4717e+12
288.86   2.4922e+12
289.23   2.4717e+12
289.59   2.4717e+12
289.96   2.4607e+12
290.33   2.4717e+12
290.7   2.4717e+12
291.07   2.4712e+12
291.44   2.4712e+12
291.81   2.4712e+12
292.18   2.4812e+12
292.55   2.466e+12
292.92   2.466e+12
293.28   2.466e+12
293.65   2.4201e+12
294.02   2.3813e+12
294.39   2.3813e+12
294.76   2.3813e+12
295.13   2.3813e+12
295.5   2.4331e+12
295.86   2.4331e+12
296.23   2.4317e+12
296.6   2.5668e+12
296.97   2.5668e+12
297.34   2.5668e+12
297.71   2.5668e+12
298.07   2.5668e+12
298.44   2.5668e+12
298.81   2.3882e+12
299.18   2.2925e+12
299.55   2.1996e+12
299.92   2.1446e+12
300.28   2.1446e+12
300.65   2.0453e+12
301.02   1.9396e+12
301.39   2.0453e+12
301.75   2.0453e+12
302.12   2.0278e+12
302.49   2.104e+12
302.86   2.0278e+12
303.23   1.9501e+12
303.59   1.7888e+12
303.96   1.7888e+12
304.33   1.7888e+12
304.7   1.7476e+12
305.06   1.7476e+12
305.43   1.7137e+12
305.8   1.695e+12
306.17   1.6803e+12
306.53   1.6803e+12
306.9   1.7125e+12
307.27   1.7498e+12
307.64   1.7498e+12
308   1.7498e+12
308.37   1.7412e+12
308.74   1.7412e+12
309.11   1.7412e+12
309.47   1.7412e+12
309.84   1.7412e+12
310.21   1.7072e+12
310.57   1.6e+12
310.94   1.6e+12
311.31   1.6e+12
311.67   1.7072e+12
312.04   1.6e+12
312.41   1.6e+12
312.77   1.705e+12
313.14   1.6046e+12
313.51   1.6046e+12
313.88   1.5481e+12
314.24   1.6654e+12
314.61   1.6529e+12
314.98   1.5177e+12
315.34   1.2911e+12
315.71   1.266e+12
316.07   1.266e+12
316.44   1.266e+12
316.81   1.3188e+12
317.17   1.4273e+12
317.54   1.4273e+12
317.91   1.3602e+12
318.27   1.3538e+12
318.64   1.2648e+12
319   1.3538e+12
319.37   1.3538e+12
319.74   1.2648e+12
320.1   1.2094e+12
320.47   1.1908e+12
320.83   1.1336e+12
321.2   1.1652e+12
321.57   1.1652e+12
321.93   1.1652e+12
322.3   1.1652e+12
322.66   1.1549e+12
323.03   1.1549e+12
323.39   1.1549e+12
323.76   1.0894e+12
324.13   1.0894e+12
324.49   1.1206e+12
324.86   1.0582e+12
325.22   1.0168e+12
325.59   1.0168e+12
325.95   1.0554e+12
326.32   1.0554e+12
326.69   1.0017e+12
327.05   1.0554e+12
327.42   1.0995e+12
327.78   1.0995e+12
328.15   1.0536e+12
328.51   1.128e+12
328.88   1.128e+12
329.24   1.1773e+12
329.61   1.1028e+12
329.97   9.8941e+11
330.34   1.0364e+12
330.7   1.0364e+12
331.07   1.0149e+12
331.43   1.0149e+12
331.8   9.7668e+11
332.16   9.7668e+11
332.52   9.7668e+11
332.89   9.1949e+11
333.25   9.7668e+11
333.62   1.02e+12
333.98   9.6285e+11
334.35   9.6285e+11
334.71   9.5634e+11
335.08   9.5634e+11
335.44   9.8867e+11
335.81   9.8867e+11
336.17   9.8867e+11
336.54   9.9813e+11
336.9   9.8481e+11
337.26   9.7536e+11
337.63   9.7536e+11
337.99   9.599e+11
338.36   9.3086e+11
338.72   9.3086e+11
339.08   9.1254e+11
339.45   8.6925e+11
339.81   7.7933e+11
340.18   7.2711e+11
340.54   7.2444e+11
340.9   6.5032e+11
341.27   5.7236e+11
341.63   5.5937e+11
342   5.5937e+11
342.36   5.7236e+11
342.72   5.5937e+11
343.09   5.5937e+11
343.45   5.5937e+11
343.81   5.2525e+11
344.18   5.2525e+11
344.54   5.8693e+11
344.9   6.2665e+11
345.27   6.2665e+11
345.63   6.2665e+11
345.99   6.2665e+11
346.36   6.2665e+11
346.72   6.3578e+11
347.08   6.0261e+11
347.45   6.0261e+11
347.81   5.7257e+11
348.17   5.4268e+11
348.54   5.4268e+11
348.9   5.4268e+11
349.26   5.7257e+11
349.62   5.4268e+11
349.99   5.2312e+11
350.35   5.2312e+11
350.71   5.2312e+11
351.08   5.2312e+11
351.44   5.2312e+11
351.8   5.012e+11
352.16   5.012e+11
352.53   5.2675e+11
352.89   5.2675e+11
353.25   5.0514e+11
353.61   5.5357e+11
353.98   5.739e+11
354.34   5.739e+11
354.7   5.739e+11
355.06   6.3831e+11
355.43   6.3831e+11
355.79   6.3831e+11
356.15   5.9483e+11
356.51   5.745e+11
356.88   5.745e+11
357.24   5.3977e+11
357.6   4.9753e+11
357.96   4.4622e+11
358.32   4.4622e+11
358.69   4.4622e+11
359.05   4.0126e+11
359.41   3.6036e+11
359.77   3.188e+11
360.13   3.188e+11
360.49   3.188e+11
360.86   3.3532e+11
361.22   3.5896e+11
361.58   3.5896e+11
361.94   3.7076e+11
362.3   3.5896e+11
362.66   3.4076e+11
363.03   3.5896e+11
363.39   3.7076e+11
363.75   3.7076e+11
364.11   3.5896e+11
364.47   3.9365e+11
364.83   3.7706e+11
365.19   4.356e+11
365.56   3.8769e+11
365.92   3.8769e+11
366.28   4.0666e+11
366.64   3.4812e+11
367   3.4812e+11
367.36   3.4812e+11
367.72   3.4473e+11
368.08   2.9346e+11
368.44   3.4473e+11
368.8   3.1726e+11
369.17   3.4473e+11
369.53   4.1615e+11
369.89   4.6834e+11
370.25   4.6834e+11
370.61   4.6834e+11
370.97   4.4388e+11
371.33   4.4388e+11
371.69   4.4651e+11
372.05   4.2519e+11
372.41   4.4965e+11
372.77   4.2519e+11
373.13   4.2519e+11
373.49   4.2519e+11
373.85   4.1776e+11
374.21   3.8308e+11
374.57   4.0487e+11
374.93   4.1776e+11
375.29   4.206e+11
375.65   4.4564e+11
376.01   4.206e+11
376.37   4.2952e+11
376.73   4.1663e+11
377.09   4.1663e+11
377.45   4.1379e+11
377.81   4.1379e+11
378.17   4.4167e+11
378.53   3.6535e+11
378.89   3.1394e+11
379.25   3.1394e+11
379.61   3.3298e+11
379.97   3.1394e+11
380.33   3.3298e+11
380.69   2.9084e+11
381.05   2.9084e+11
381.41   3.3298e+11
381.77   3.3298e+11
382.13   3.4607e+11
382.49   3.4607e+11
382.85   2.9251e+11
383.21   2.9251e+11
383.57   3.3294e+11
383.93   2.9182e+11
384.29   3.2673e+11
384.64   3.427e+11
385   3.2673e+11
385.36   3.1595e+11
385.72   3.1595e+11
386.08   3.2673e+11
386.44   3.2673e+11
386.8   3.2673e+11
387.16   3.2571e+11
387.52   3.2571e+11
387.88   4.0421e+11
388.23   3.2521e+11
388.59   3.2521e+11
388.95   4.1448e+11
389.31   3.7286e+11
389.67   3.7286e+11
390.03   3.7286e+11
390.38   3.2354e+11
390.74   3.7286e+11
391.1   3.7286e+11
391.46   3.2354e+11
391.82   2.9957e+11
392.18   2.9957e+11
392.54   2.5179e+11
392.89   2.5032e+11
393.25   2.5032e+11
393.61   2.1376e+11
393.97   2.0273e+11
394.33   2.0273e+11
394.68   1.9053e+11
395.04   2.0273e+11
395.4   1.9929e+11
395.76   2.4805e+11
396.12   2.681e+11
396.47   2.6847e+11
396.83   2.6847e+11
397.19   2.6847e+11
397.55   3.4651e+11
397.9   2.6847e+11
398.26   2.6847e+11
398.62   2.4441e+11
398.98   2.4441e+11
399.33   2.4441e+11
399.69   2.6129e+11
400.05   2.256e+11
400.41   2.2317e+11
400.76   2.2317e+11
401.12   1.8026e+11
401.48   1.3956e+11
401.84   1.8026e+11
402.19   2.2317e+11
402.55   2.2317e+11
402.91   2.2317e+11
403.26   1.8828e+11
403.62   1.9747e+11
403.98   1.5457e+11
404.34   1.5522e+11
404.69   1.9888e+11
405.05   2.2906e+11
405.41   2.2906e+11
405.76   2.2906e+11
406.12   2.3329e+11
406.48   2.3721e+11
406.83   2.4866e+11
407.19   2.3721e+11
407.55   2.3721e+11
407.9   2.3721e+11
408.26   2.4286e+11
408.62   2.6162e+11
408.97   2.4286e+11
409.33   1.4698e+11
409.69   1.5842e+11
410.04   3.5065e+10
410.4   3.5065e+10
410.75   1.5058e+11
411.11   1.5058e+11
411.47   2.5786e+11
411.82   2.2224e+11
412.18   1.342e+11
412.53   9.9608e+10
412.89   1.568e+11
413.25   1.568e+11
413.6   2.2224e+11
413.96   2.2547e+11
414.31   2.2547e+11
414.67   2.5033e+11
415.02   2.5033e+11
415.38   2.7824e+11
415.74   2.7824e+11
416.09   2.7824e+11
416.45   2.7824e+11
416.8   2.7549e+11
417.16   2.5033e+11
417.51   2.7549e+11
417.87   2.9816e+11
418.23   2.503e+11
418.58   1.9545e+11
418.94   1.7195e+11
419.29   1.5699e+11
419.65   1.8169e+11
420   1.8838e+11
420.36   1.6487e+11
420.71   1.8838e+11
421.07   1.8838e+11
421.42   1.8838e+11
421.78   1.9012e+11
422.13   2.0884e+11
422.49   2.095e+11
422.84   2.095e+11
423.2   2.0935e+11
423.55   2.1643e+11
423.91   2.1643e+11
424.26   2.0935e+11
424.62   2.1177e+11
424.97   1.709e+11
425.32   9.6347e+10
425.68   2.22e+10
426.03   2.22e+10
426.39   7.107e+10
426.74   1.0168e+11
427.1   1.0168e+11
427.45   1.4249e+11
427.81   1.8644e+11
428.16   1.4249e+11
428.51   1.5036e+11
428.87   1.9307e+11
429.22   2.3397e+11
429.58   2.08e+11
429.93   2.08e+11
430.28   1.7297e+11
430.64   1.6529e+11
430.99   1.5994e+11
431.35   1.3998e+11
431.7   1.3998e+11
432.05   1.5395e+11
432.41   1.5395e+11
432.76   1.5395e+11
433.11   1.3055e+11
433.47   1.5395e+11
433.82   1.7128e+11
434.18   1.7458e+11
434.53   1.7128e+11
434.88   1.8083e+11
435.24   1.9298e+11
435.59   1.9298e+11
435.94   1.9298e+11
436.3   1.7889e+11
436.65   1.7889e+11
437   1.3452e+11
437.36   7.6612e+10
437.71   7.1634e+10
438.06   7.1634e+10
438.41   7.1634e+10
438.77   2.4567e+09
439.12   7.1634e+10
439.47   5.4263e+10
439.83   6.9654e+10
440.18   7.5974e+10
440.53   7.5974e+10
440.88   7.5974e+10
441.24   7.5974e+10
441.59   7.5974e+10
441.94   6.915e+10
442.3   6.915e+10
442.65   5.9101e+10
443   4.1465e+10
443.35   1.3804e+10
443.7   -5.1302e+09
444.06   -5.1302e+09
444.41   1.3804e+10
444.76   1.3804e+10
445.11   -5.1302e+09
445.47   1.3804e+10
445.82   2.3445e+10
446.17   2.3445e+10
446.52   2.9919e+10
446.88   2.9919e+10
447.23   2.9919e+10
447.58   1.6331e+10
447.93   1.4559e+10
448.28   -2.094e+10
448.63   1.4559e+10
448.99   1.4559e+10
449.34   1.4559e+10
449.69   -1.9711e+10
450.04   -5.7602e+10
450.39   -1.9711e+10
450.75   3.3994e+10
451.1   4.8505e+10
451.45   4.8505e+10
451.8   4.8505e+10
452.15   4.8505e+10
452.5   4.8505e+10
452.85   4.8505e+10
453.2   6.0632e+10
453.56   6.0632e+10
453.91   5.6935e+10
454.26   2.2582e+10
454.61   -4.708e+09
454.96   8.2513e+09
455.31   2.8652e+10
455.66   8.2513e+09
456.01   8.2513e+09
456.37   8.2513e+09
456.72   -1.1534e+09
457.07   -1.1534e+09
457.42   -1.0665e+10
457.77   -1.0665e+10
458.12   6.7427e+09
458.47   1.9247e+10
458.82   2.8596e+10
459.17   6.4647e+10
459.52   6.5889e+09
459.87   -1.3512e+10
460.22   3.9754e+10
460.57   3.9754e+10
460.92   3.9754e+10
461.27   3.9754e+10
461.62   -1.382e+10
461.97   -5.3577e+10
462.32   -5.3577e+10
462.68   -5.3577e+10
463.02   -1.382e+10
463.38   -9.0136e+08
463.73   -9.4525e+10
464.07   -1.6221e+11
464.43   -1.7562e+11
464.77   -7.0368e+10
465.12   2.3255e+10
465.48   7.2678e+10
465.82   7.2678e+10
466.17   1.0926e+11
466.52   1.0926e+11
466.87   5.0443e+10
467.22   5.0443e+10
467.57   5.1913e+10
467.92   1.0926e+11
468.27   1.0926e+11
468.62   6.1305e+10
468.97   5.2917e+10
469.32   5.2917e+10
469.67   5.2917e+10
470.02   -3.9563e+10
470.37   -2.6581e+10
470.72   5.2917e+10
471.07   2.2376e+10
471.42   2.2376e+10
471.76   2.2376e+10
472.11   1.0344e+11
472.46   8.2563e+10
472.81   8.0894e+10
473.16   1.5531e+10
473.51   8.0894e+10
473.86   8.0894e+10
474.21   4.2184e+10
474.56   5.9167e+10
474.9   4.1228e+10
475.25   4.1228e+10
475.6   4.1228e+10
475.95   4.1228e+10
476.3   1.632e+10
476.65   1.632e+10
477   1.632e+10
477.35   3.2454e+10
477.69   3.2783e+10
478.04   3.2783e+10
478.39   3.2783e+10
478.74   9.7424e+10
479.09   9.7424e+10
479.43   3.2783e+10
479.78   3.2783e+10
480.13   3.2783e+10
480.48   3.1606e+09
480.83   3.1606e+09
481.18   1.5214e+10
481.52   1.5214e+10
481.87   4.9775e+10
482.22   2.3513e+10
482.57   -1.0283e+10
482.91   2.3513e+10
483.26   2.6085e+10
483.61   2.6085e+10
483.96   4.9775e+10
484.3   2.6085e+10
484.65   1.0794e+09
485   -1.493e+09
485.35   -3.4505e+10
485.69   -7.0497e+10
486.04   -3.4013e+10
486.39   -3.4013e+10
486.74   -5.6203e+10
487.08   -2.3192e+10
487.43   -5.6203e+10
487.78   -5.6203e+10
488.12   -3.9478e+10
488.47   -2.6296e+10
488.82   7.7714e+09
489.17   4.3379e+10
489.51   7.7714e+09
489.86   7.7714e+09
490.21   7.7714e+09
490.55   -2.6296e+10
490.9   2.1575e+10
491.25   4.2437e+10
491.59   4.2437e+10
491.94   2.8356e+10
492.29   2.8356e+10
492.63   1.616e+10
492.98   2.8356e+10
493.33   2.8356e+10
493.67   4.0226e+10
494.02   4.0226e+10
494.37   2.8356e+10
494.71   2.6606e+10
495.06   2.6606e+10
495.4   1.9368e+10
495.75   1.9171e+10
496.1   1.9171e+10
496.44   4.8055e+09
496.79   4.8055e+09
497.13   3.9761e+08
497.48   3.9761e+08
497.83   3.9761e+08
498.17   -1.9209e+10
498.52   -9.2876e+09
498.86   -9.2876e+09
499.21   2.8692e+10
499.56   5.5576e+10
499.9   5.5576e+10
500.25   4.2252e+10
500.59   5.5576e+10
500.94   5.5576e+10
501.28   5.5576e+10
501.63   5.5576e+10
501.97   5.0763e+10
502.32   -1.6625e+10
502.67   -1.8297e+10
503.01   -1.8297e+10
503.36   -1.8297e+10
503.7   5.658e+10
504.05   5.658e+10
504.39   5.658e+10
504.74   1.4452e+10
505.08   5.658e+10
505.43   8.7849e+10
505.77   8.7849e+10
506.12   8.7849e+10
506.46   4.9767e+10
506.81   7.6914e+09
507.15   -5.1372e+09
507.5   -3.2525e+10
507.84   -5.1372e+09
508.18   3.0218e+09
508.53   3.0218e+09
508.87   -3.2473e+10
509.22   -3.2473e+10
509.56   -6.5663e+10
509.91   -2.4366e+10
510.25   1.9135e+10
510.6   1.9135e+10
510.94   1.9135e+10
511.28   1.9113e+09
511.63   -1.9042e+10
511.97   -1.9042e+10
512.32   -1.1194e+10
512.66   -2.2929e+10
513   -2.2929e+10
513.35   -2.2929e+10
513.69   -2.2929e+10
514.04   -2.2929e+10
514.38   -1.1194e+10
514.72   5.0995e+09
515.07   5.0995e+09
515.41   5.0995e+09
515.75   4.8573e+10
516.1   4.8573e+10
516.44   7.1577e+10
516.79   7.9496e+10
517.13   7.1577e+10
517.47   7.1577e+10
517.82   7.9207e+10
518.16   3.7471e+10
518.5   3.7471e+10
518.85   3.7471e+10
519.19   3.7471e+10
519.53   1.4041e+10
519.88   -2.361e+10
520.22   -4.5596e+10
520.56   -2.6e+10
520.9   5.8149e+09
521.25   5.8149e+09
521.59   2.2093e+10
521.93   2.2093e+10
522.28   1.432e+10
522.62   1.432e+10
522.96   2.2093e+10
523.3   4.2957e+10
523.65   5.8601e+10
523.99   8.326e+10
524.33   7.5058e+10
524.67   7.3829e+10
525.02   9.9001e+10
525.36   9.9001e+10
525.7   9.9001e+10
526.04   9.9001e+10
526.39   8.7884e+10
526.73   8.7884e+10
527.07   7.2336e+10
527.41   7.2336e+10
527.76   7.2336e+10
528.1   7.2336e+10
528.44   7.2336e+10
528.78   7.2336e+10
529.12   5.3531e+10
529.47   6.6855e+10
529.81   9.6929e+10
530.15   9.6929e+10
530.49   1.29e+11
530.83   1.2984e+11
531.18   1.2984e+11
531.52   1.5307e+11
531.86   1.3292e+11
532.2   1.4933e+11
532.54   1.7185e+11
532.88   1.7185e+11
533.23   1.4933e+11
533.57   1.6503e+11
533.91   1.6503e+11
534.25   1.6503e+11
534.59   1.2143e+11
534.93   1.0555e+11
535.27   1.2663e+11
535.61   1.5683e+11
535.96   1.5683e+11
536.3   1.5683e+11
536.64   1.9193e+11
536.98   1.9294e+11
537.32   1.7077e+11
537.66   1.7077e+11
538   1.9294e+11
538.34   1.9294e+11
538.68   1.7077e+11
539.02   1.6749e+11
539.36   1.4298e+11
539.7   1.5282e+11
540.04   1.372e+11
540.38   1.2736e+11
540.73   1.2736e+11
541.07   1.372e+11
541.41   1.372e+11
541.75   1.4972e+11
542.09   1.5934e+11
542.43   1.5934e+11
542.77   1.5934e+11
543.11   1.8437e+11
543.45   1.8437e+11
543.79   1.8437e+11
544.13   1.7942e+11
544.47   1.7942e+11
544.81   2.0919e+11
545.15   2.0919e+11
545.49   2.0919e+11
545.83   1.635e+11
546.17   2.2984e+11
546.51   2.2984e+11
546.85   2.2984e+11
547.19   2.4834e+11
547.53   2.4834e+11
547.87   2.613e+11
548.21   2.4834e+11
548.54   2.4834e+11
548.88   2.2259e+11
549.22   2.4834e+11
549.56   2.2518e+11
549.9   2.3815e+11
550.24   2.3815e+11
550.58   1.9511e+11
550.92   1.9511e+11
551.26   1.9511e+11
551.6   1.9612e+11
551.94   1.9612e+11
552.28   2.504e+11
552.62   2.2738e+11
552.95   2.2738e+11
553.29   2.2738e+11
553.63   2.8232e+11
553.97   3.2076e+11
554.31   3.2076e+11
554.65   3.4573e+11
554.99   3.3326e+11
555.33   3.3326e+11
555.66   3.1464e+11
556   3.2712e+11
556.34   3.2712e+11
556.68   3.1157e+11
557.02   2.8938e+11
557.36   2.8938e+11
557.69   3.1157e+11
558.03   3.1157e+11
558.37   3.1157e+11
558.71   3.1157e+11
559.05   3.3465e+11
559.38   3.6039e+11
559.72   3.6701e+11
560.06   3.6701e+11
560.4   3.964e+11
560.74   3.885e+11
561.07   3.7277e+11
561.41   3.885e+11
561.75   3.8574e+11
562.09   4.0414e+11
562.42   4.0414e+11
562.76   4.0414e+11
563.1   4.1136e+11
563.44   4.1136e+11
563.77   4.0414e+11
564.11   4.1136e+11
564.45   4.1136e+11
564.79   4.2699e+11
565.12   4.6082e+11
565.46   4.2699e+11
565.8   4.4972e+11
566.14   5.0253e+11
566.47   5.0253e+11
566.81   5.4805e+11
567.15   5.4805e+11
567.48   5.4805e+11
567.82   5.4805e+11
568.16   5.4805e+11
568.5   5.4805e+11
568.83   5.4805e+11
569.17   5.4834e+11
569.5   5.4348e+11
569.84   5.4348e+11
570.18   5.3737e+11
570.51   5.6905e+11
570.85   5.6905e+11
571.19   5.6905e+11
571.52   4.8543e+11
571.86   5.6905e+11
572.2   6.356e+11
572.53   7.0212e+11
572.87   7.1514e+11
573.21   7.1514e+11
573.54   7.2393e+11
573.88   7.2393e+11
574.21   7.2031e+11
574.55   7.2393e+11
574.89   7.2393e+11
575.22   7.2393e+11
575.56   7.2393e+11
575.89   7.2393e+11
576.23   7.2217e+11
576.57   7.15e+11
576.9   6.9694e+11
577.24   6.8176e+11
577.57   6.8176e+11
577.91   6.8176e+11
578.24   6.8176e+11
578.58   6.8794e+11
578.91   7.0727e+11
579.25   7.0727e+11
579.59   7.0727e+11
579.92   7.0727e+11
580.26   7.0801e+11
580.59   7.7906e+11
580.93   7.7738e+11
581.26   7.6697e+11
581.6   7.5342e+11
581.93   8.0268e+11
582.27   8.0268e+11
582.6   8.0268e+11
582.94   8.0268e+11
583.27   8.2803e+11
583.61   8.2803e+11
583.94   8.2803e+11
584.27   8.2803e+11
584.61   8.2913e+11
584.95   8.4768e+11
585.28   8.3697e+11
585.61   8.3697e+11
585.95   8.3697e+11
586.28   8.7604e+11
586.62   8.4239e+11
586.95   8.7604e+11
587.29   8.4239e+11
587.62   8.4239e+11
587.95   8.7604e+11
588.29   8.6291e+11
588.62   9.2906e+11
588.96   8.9541e+11
589.29   8.9541e+11
589.62   8.8559e+11
589.96   8.7313e+11
590.29   7.924e+11
590.63   8.7313e+11
590.96   9.5174e+11
591.29   9.5174e+11
591.63   9.5174e+11
591.96   9.9064e+11
592.29   1.0728e+12
592.63   9.9064e+11
592.96   1.0728e+12
593.29   1.0728e+12
593.63   1.1346e+12
593.96   1.1346e+12
594.3   1.1346e+12
594.63   1.1891e+12
594.96   1.1891e+12
595.29   1.1106e+12
595.63   1.1106e+12
595.96   1.1891e+12
596.29   1.1831e+12
596.63   1.2213e+12
596.96   1.2213e+12
597.29   1.2322e+12
597.63   1.2213e+12
597.96   1.1889e+12
598.29   1.2322e+12
598.62   1.2322e+12
598.96   1.2322e+12
599.29   1.1889e+12
599.62   1.1645e+12
599.96   1.1798e+12
600.29   1.1131e+12
600.62   1.1131e+12
600.95   1.1644e+12
601.29   1.2516e+12
601.62   1.2502e+12
601.95   1.2972e+12
602.28   1.2502e+12
602.62   1.2502e+12
602.95   1.2502e+12
603.28   1.2502e+12
603.61   1.2972e+12
603.94   1.2972e+12
604.27   1.2494e+12
604.61   1.1996e+12
604.94   1.1996e+12
605.27   1.1996e+12
605.6   1.255e+12
605.93   1.3516e+12
606.27   1.4292e+12
606.6   1.3516e+12
606.93   1.2792e+12
607.26   1.2792e+12
607.59   1.2792e+12
607.92   1.2909e+12
608.25   1.2633e+12
608.59   1.2213e+12
608.92   1.2213e+12
609.25   1.2213e+12
609.58   1.1418e+12
609.91   1.2213e+12
610.24   1.2331e+12
610.57   1.2331e+12
610.9   1.3141e+12
611.24   1.3175e+12
611.57   1.3199e+12
611.9   1.3555e+12
612.23   1.3555e+12
612.56   1.4185e+12
612.89   1.4185e+12
613.22   1.3962e+12
613.55   1.3962e+12
613.88   1.4264e+12
614.21   1.3386e+12
614.54   1.3386e+12
614.87   1.3386e+12
615.2   1.2914e+12
615.53   1.2914e+12
615.87   1.2914e+12
616.2   1.2914e+12
616.53   1.3215e+12
616.86   1.3215e+12
617.19   1.3e+12
617.52   1.3519e+12
617.85   1.3519e+12
618.18   1.4118e+12
618.51   1.4118e+12
618.84   1.4008e+12
619.17   1.3519e+12
619.5   1.4008e+12
619.83   1.3519e+12
620.16   1.3196e+12
620.49   1.3029e+12
620.82   1.2107e+12
621.14   1.2107e+12
621.47   1.1186e+12
621.8   1.1186e+12
622.13   1.1186e+12
622.46   1.1372e+12
622.79   1.1372e+12
623.12   1.1372e+12
623.45   1.1891e+12
623.78   1.2319e+12
624.11   1.2731e+12
624.44   1.2919e+12
624.77   1.361e+12
625.1   1.3599e+12
625.42   1.4263e+12
625.75   1.437e+12
626.08   1.4263e+12
626.41   1.4263e+12
626.74   1.4173e+12
627.07   1.352e+12
627.4   1.3776e+12
627.73   1.4087e+12
628.06   1.4087e+12
628.38   1.4087e+12
628.71   1.4087e+12
629.04   1.377e+12
629.37   1.3355e+12
629.7   1.3639e+12
630.03   1.3951e+12
630.36   1.3976e+12
630.68   1.4296e+12
631.01   1.4266e+12
631.34   1.3946e+12
631.67   1.3846e+12
632   1.3846e+12
632.32   1.3946e+12
632.65   1.3954e+12
632.98   1.4266e+12
633.31   1.4266e+12
633.64   1.4266e+12
633.96   1.3954e+12
634.29   1.382e+12
634.62   1.382e+12
634.95   1.3696e+12
635.27   1.3368e+12
635.6   1.2796e+12
635.93   1.2793e+12
636.26   1.2307e+12
636.58   1.2225e+12
636.91   1.2307e+12
637.24   1.2307e+12
637.57   1.2452e+12
637.89   1.2225e+12
638.22   1.2452e+12
638.55   1.2654e+12
638.88   1.2654e+12
639.2   1.2425e+12
639.53   1.2425e+12
639.86   1.2355e+12
640.18   1.1845e+12
640.51   1.1845e+12
640.84   1.1845e+12
641.16   1.2145e+12
641.49   1.2145e+12
641.82   1.1336e+12
642.14   1.2448e+12
642.47   1.316e+12
642.8   1.341e+12
643.12   1.3603e+12
643.45   1.3603e+12
643.78   1.341e+12
644.1   1.316e+12
644.43   1.316e+12
644.75   1.2512e+12
645.08   1.316e+12
645.41   1.2512e+12
645.73   1.2618e+12
646.06   1.2071e+12
646.38   1.2071e+12
646.71   1.2722e+12
647.04   1.3546e+12
647.36   1.3546e+12
647.69   1.2926e+12
648.01   1.2926e+12
648.34   1.3204e+12
648.67   1.3869e+12
648.99   1.4051e+12
649.32   1.4051e+12
649.64   1.3249e+12
649.97   1.247e+12
650.29   1.247e+12
650.62   1.247e+12
650.94   1.3146e+12
651.27   1.416e+12
651.6   1.3146e+12
651.92   1.1562e+12
652.25   1.1562e+12
652.57   1.2014e+12
652.89   1.2691e+12
653.22   1.2691e+12
653.54   1.1202e+12
653.87   1.1202e+12
654.2   1.029e+12
654.52   9.4242e+11
654.85   1.0073e+12
655.17   1.0073e+12
655.49   9.8868e+11
655.82   9.4697e+11
656.14   9.3683e+11
656.47   9.045e+11
656.79   9.045e+11
657.12   9.3683e+11
657.44   9.3831e+11
657.77   9.7854e+11
658.09   9.7854e+11
658.41   9.7854e+11
658.74   9.3831e+11
659.06   9.9074e+11
659.39   9.6446e+11
659.71   9.6446e+11
660.03   9.6446e+11
660.36   9.6446e+11
660.68   1.0855e+12
661.01   1.0087e+12
661.33   8.4908e+11
661.65   8.247e+11
661.98   1.0766e+12
662.3   1.0061e+12
662.62   9.6758e+11
662.95   1.2195e+12
663.27   1.0024e+12
663.6   9.2493e+11
663.92   9.2493e+11
664.24   1.0366e+12
664.57   1.1141e+12
664.89   1.2195e+12
665.21   1.1427e+12
665.54   1.1079e+12
665.86   1.1079e+12
666.18   1.0366e+12
666.5   1.0366e+12
666.83   1.1079e+12
667.15   1.1005e+12
667.47   1.1291e+12
667.8   1.1291e+12
668.12   1.0502e+12
668.44   9.5778e+11
668.76   9.5778e+11
669.09   9.5778e+11
669.41   1.0294e+12
669.73   1.0294e+12
670.06   8.9941e+11
670.38   8.9941e+11
670.7   8.9941e+11
671.02   7.9291e+11
671.35   7.4389e+11
671.67   8.1289e+11
671.99   9.7995e+11
672.31   9.8648e+11
672.63   9.8648e+11
672.96   1.0837e+12
673.28   1.0837e+12
673.6   9.959e+11
673.92   9.959e+11
674.24   1.073e+12
674.57   1.073e+12
674.89   9.959e+11
675.21   8.987e+11
675.53   8.5803e+11
675.85   7.8926e+11
676.17   7.8926e+11
676.5   7.8926e+11
676.82   7.8926e+11
677.14   7.8926e+11
677.46   7.8926e+11
677.78   7.0906e+11
678.1   7.0906e+11
678.42   8.4475e+11
678.75   9.5732e+11
679.07   9.5732e+11
679.39   9.8412e+11
679.71   5.723e+11
680.03   9.8412e+11
680.35   7.4665e+11
680.67   3.3483e+11
680.99   7.3642e+11
681.31   8.8814e+11
681.63   8.8814e+11
681.96   7.7044e+11
682.28   7.7278e+11
682.6   7.3544e+11
682.92   7.3544e+11
683.24   7.1223e+11
683.56   7.1223e+11
683.88   7.3544e+11
684.2   7.1223e+11
684.52   5.992e+11
684.84   5.992e+11
685.16   4.6298e+11
685.48   4.6298e+11
685.8   3.6938e+11
686.12   3.9722e+11
686.44   4.4127e+11
686.76   6.4799e+11
687.08   6.4799e+11
687.4   6.4799e+11
687.72   7.7714e+11
688.04   8.2945e+11
688.36   1.0957e+12
688.68   1.0957e+12
689   1.0957e+12
689.32   1.0957e+12
689.64   8.2945e+11
689.96   6.2773e+11
690.28   6.2773e+11
690.6   6.2773e+11
690.92   6.1059e+11
691.24   4.7343e+11
691.56   2.9237e+11
691.88   1.0377e+11
692.19   1.0377e+11
692.51   2.3769e+11
692.83   2.9266e+11
693.15   4.0567e+11
693.47   4.0439e+11
693.79   2.9266e+11
694.11   3.4971e+11
694.43   3.4971e+11
694.75   4.5186e+11
695.07   4.5186e+11
695.38   4.5186e+11
695.7   4.5186e+11
696.02   4.1019e+11
696.34   4.1019e+11
696.66   4.1019e+11
696.98   4.1019e+11
697.29   3.0783e+11
697.61   4.1019e+11
697.93   4.1107e+11
698.25   4.1244e+11
698.57   4.498e+11
698.89   4.498e+11
699.2   5.7615e+11
699.52   5.7039e+11
699.84   5.3878e+11
700.16   5.3878e+11
700.48   7.1098e+11
700.79   5.5303e+11
701.11   2.822e+11
701.43   3.325e+11
701.75   1.7702e+11
702.07   1.206e+11
702.38   1.206e+11
702.7   1.7702e+11
703.02   2.7171e+11
703.34   4.272e+11
703.65   2.7171e+11
703.97   2.7171e+11
704.29   3.9586e+11
704.61   1.4974e+11
704.92   3.9586e+11
705.24   5.1373e+11
705.56   7.0742e+11
705.87   7.0742e+11
706.19   6.1246e+11
706.51   2.6577e+11
706.83   2.6577e+11
707.14   6.1246e+11
707.46   6.5658e+11
707.77   6.6692e+11
708.09   5.1736e+11
708.41   3.4644e+11
708.73   1.4932e+11
709.04   1.1206e+11
709.36   1.4932e+11
709.67   3.4644e+11
709.99   3.4644e+11
710.31   2.3025e+11
710.62   1.4861e+11
710.94   5.8399e+10
711.26   5.8399e+10
711.57   1.9299e+11
711.89   3.122e+11
712.21   3.122e+11
712.52   1.4004e+11
712.84   1.1925e+11
713.15   2.5384e+11
713.47   2.9141e+11
713.78   3.3991e+11
714.1   4.1495e+11
714.42   3.3991e+11
714.73   2.8154e+11
715.05   1.8127e+11
715.36   1.8127e+11
715.68   1.8127e+11
716   1.0851e+11
716.31   1.0851e+11
716.63   6.433e+10
716.94   -7.5998e+10
717.26   -2.5568e+11
717.57   -2.5568e+11
717.89   -2.5568e+11
718.2   -2.5568e+11
718.52   -2.5568e+11
718.83   -2.2052e+11
719.15   1.8759e+10
719.46   -1.5265e+11
719.78   2.6177e+10
720.09   2.6177e+10
720.41   2.6177e+10
720.72   -3.6641e+09
721.04   5.9962e+10
721.35   -3.2216e+11
721.67   -3.2216e+11
721.98   -3.4242e+11
722.29   -3.4242e+11
722.61   -3.4242e+11
722.92   -3.4242e+11
723.24   -1.1518e+11
723.55   1.2109e+11
723.87   4.5723e+11
724.18   3.3211e+11
724.5   3.3211e+11
724.81   5.6258e+11
725.12   5.6258e+11
725.44   3.3211e+11
725.75   2.0367e+11
726.07   1.8185e+11
726.38   1.6709e+11
726.69   1.6709e+11
727.01   1.6709e+11
727.32   -1.0888e+11
727.63   1.092e+11
727.95   -2.7202e+10
728.26   1.1827e+11
728.58   1.1827e+11
728.89   1.1827e+11
729.2   1.1827e+11
729.52   1.1827e+11
729.83   -4.2805e+10
730.14   -2.9079e+11
730.46   -4.9908e+11
730.77   -6.9657e+11
731.08   -8.9447e+11
731.39   -8.9447e+11
731.71   -1.0356e+12
732.02   -8.9447e+11
732.33   -7.6042e+11
732.65   -7.6042e+11
732.96   -6.5681e+11
733.27   -5.8158e+11
733.59   -5.5882e+11
733.9   -5.5882e+11
734.21   -4.1305e+11
734.52   -5.5882e+11
734.84   -4.1305e+11
735.15   1.0833e+11
735.46   1.772e+11
735.77   1.772e+11
736.09   1.772e+11
736.4   5.374e+11
736.71   4.1114e+11
737.02   4.1114e+11
737.33   4.1114e+11
737.65   5.374e+11
737.96   4.5321e+11
738.27   1.5759e+11
738.58   1.5759e+11
738.89   1.5759e+11
739.21   3.8481e+11
739.52   3.0344e+11
739.83   1.3408e+11
740.14   9.9258e+10
740.45   -5.3045e+11
740.76   -5.3045e+11
741.08   -3.6375e+11
741.39   -1.203e+12
741.7   -2.6573e+11
742.01   -3.8669e+11
742.32   -3.8669e+11
742.63   -1.203e+12
742.94   -5.3467e+11
743.25   -5.3467e+11
743.57   -5.3467e+11
743.88   -5.3467e+11
744.19   -8.2131e+11
744.5   -8.2131e+11
744.81   -8.2131e+11
745.12   -1.3743e+12
745.43   -1.6121e+12
745.74   -1.3743e+12
746.05   -1.3743e+12
746.36   -9.9791e+11
746.67   -2.2301e+11
746.99   8.9181e+10
747.3   8.9181e+10
747.61   8.9181e+10
747.92   -1.0335e+12
748.23   -9.7974e+11
748.54   -9.7974e+11
748.85   -1.2367e+12
749.16   -1.2367e+12
749.47   -1.3593e+12
749.78   -1.4356e+12
750.09   -1.4356e+12
750.4   -1.4356e+12
750.71   -1.3131e+12
751.02   -1.0868e+12
751.33   -1.2168e+12
751.64   -9.6853e+11
751.95   -5.0259e+11
752.26   -1.7377e+11
752.57   8.7121e+11
752.88   8.7121e+11
753.19   9.8513e+10
753.5   7.6447e+10
753.8   2.2898e+11
754.12   -1.0791e+12
754.42   -1.0791e+12
754.73   -1.144e+12
755.04   -1.144e+12
755.35   -1.144e+12
755.66   -1.144e+12
755.97   -1.144e+12
756.28   -7.5044e+11
756.59   -7.5044e+11
756.9   -1.098e+12
757.21   -5.5558e+11
757.51   -2.0349e+11
757.82   -2.5481e+10
758.13   -1.1781e+11
758.44   -1.1781e+11
758.75   -6.7553e+11
759.06   -3.612e+11
759.37   -1.8319e+11
759.68   -1.8319e+11
759.98   -1.8319e+11
760.29   -1.7056e+11
760.6   -4.9495e+11
760.91   -4.9495e+11
761.22   -4.9495e+11
761.53   -5.3944e+11
761.83   -5.3944e+11
762.14   -6.3328e+11
762.45   -7.1436e+11
762.76   -7.1436e+11
763.07   -7.1436e+11
763.37   -7.1436e+11
763.68   -7.1436e+11
763.99   -7.1436e+11
764.3   -7.548e+11
764.61   -1.2258e+12
764.91   -1.0506e+12
765.22   -1.0506e+12
765.53   -7.5343e+11
765.84   -6.3953e+11
766.14   -6.3953e+11
766.45   -6.3953e+11
766.76   -6.3953e+11
767.06   -7.366e+11
767.37   -7.366e+11
767.68   -2.8685e+11
767.99   -1.5156e+11
768.29   -2.8685e+11
768.6   -2.4863e+11
768.91   1.5175e+11
769.21   6.6503e+11
769.52   1.0397e+12
769.83   6.6503e+11
770.13   6.6503e+11
770.44   6.6503e+11
770.75   5.6136e+11
771.05   5.6136e+11
771.36   5.6136e+11
771.67   4.5875e+11
771.97   -4.7937e+10
772.28   -4.7937e+10
772.59   -5.734e+11
772.89   -5.734e+11
773.2   -5.734e+11
773.51   -5.6933e+11
773.81   -5.6933e+11
774.12   -5.6933e+11
774.42   -7.5691e+11
774.73   -1.7947e+11
775.04   3.1136e+11
775.34   -1.7947e+11
775.65   2.9262e+11
775.95   2.9262e+11
776.26   2.9262e+11
776.57   -6.3705e+11
776.87   -8.916e+11
777.18   -8.916e+11
777.48   3.8062e+10
777.79   3.8062e+10
778.09   -2.1019e+12
778.4   -4.504e+10
778.7   -2.1019e+12
779.01   -4.504e+10
779.31   -4.504e+10
779.62   -4.504e+10
779.92   -8.4953e+11
780.23   -1.4729e+12
780.53   -2.3684e+12
780.84   -2.3684e+12
781.14   -1.4729e+12
781.45   -1.4729e+12
781.75   -1.0254e+11
782.06   -1.0591e+12
782.36   -1.0254e+11
782.67   6.6777e+11
782.97   6.6777e+11
783.28   6.6777e+11
783.58   9.8968e+11
783.89   9.0237e+11
784.19   9.0237e+11
784.5   6.6777e+11
784.8   9.0237e+11
785.1   9.0237e+11
785.41   6.6043e+11
785.71   6.4917e+11
786.02   6.4917e+11
786.32   6.4917e+11
786.62   -1.0907e+12
786.93   -2.9257e+12
787.23   -2.9257e+12
787.53   -2.9257e+12
787.84   -2.9257e+12
788.14   -2.3519e+12
788.45   -6.1204e+11
788.75   -2.3519e+12
789.05   -2.3519e+12
789.36   -3.4817e+11
789.66   1.911e+12
789.96   1.911e+12
790.27   1.911e+12
790.57   8.8214e+11
790.87   1.2557e+12
791.18   1.529e+12
791.48   -7.5616e+11
791.78   -7.5616e+11
792.09   -7.5616e+11
792.39   -1.7518e+12
792.69   -1.956e+12
793   -1.7518e+12
793.3   -2.0223e+12
793.6   -2.423e+12
793.9   -2.423e+12
794.21   -2.423e+12
794.51   -5.1207e+12
794.81   -5.5378e+12
795.12   -5.1434e+12
795.42   -5.9322e+12
795.72   -3.3293e+12
796.02   -4.8521e+12
796.32   -3.3293e+12
796.63   -3.1001e+12
796.93   -3.1001e+12
797.23   -4.8521e+12
797.53   -4.8521e+12
797.84   -3.1001e+12
798.14   -2.5325e+12
798.44   -2.5325e+12
798.74   -2.5325e+12
799.04   -1.0411e+12
799.35   0
799.65   0
799.95   0
