200.34   0
200.72   0
201.1   0
201.48   0
201.85   0
202.23   0
202.61   0
202.99   -0
203.36   0
203.74   0
204.12   0
204.5   0
204.87   0
205.25   0
205.63   0
206   0
206.38   0
206.76   0
207.13   0
207.51   0
207.89   0
208.27   0
208.64   0
209.02   0
209.4   0
209.77   2.0786e+10
210.15   6.8641e+10
210.53   4.2937e+11
210.9   1.4349e+12
211.28   2.1456e+12
211.66   2.1456e+12
212.03   2.4746e+12
212.41   2.6064e+12
212.79   2.1456e+12
213.16   2.6064e+12
213.54   3.0756e+12
213.92   3.0756e+12
214.29   3.0756e+12
214.67   3.115e+12
215.04   3.4136e+12
215.42   3.9118e+12
215.8   3.9118e+12
216.17   3.9118e+12
216.55   3.9118e+12
216.93   4.2053e+12
217.3   4.1979e+12
217.68   4.3747e+12
218.06   4.6229e+12
218.43   4.6229e+12
218.81   4.7148e+12
219.18   4.845e+12
219.56   5.0436e+12
219.93   5.117e+12
220.31   5.3338e+12
220.69   5.6981e+12
221.06   6.0552e+12
221.44   6.309e+12
221.81   6.309e+12
222.19   6.4042e+12
222.56   6.4042e+12
222.94   6.441e+12
223.32   6.5686e+12
223.69   6.8132e+12
224.07   7.0015e+12
224.44   7.1276e+12
224.82   7.1276e+12
225.19   7.1276e+12
225.57   7.2022e+12
225.94   7.2332e+12
226.32   7.5206e+12
226.69   7.9805e+12
227.07   7.9805e+12
227.44   7.8111e+12
227.82   7.9959e+12
228.19   8.077e+12
228.57   8.4696e+12
228.94   8.7232e+12
229.32   8.7664e+12
229.69   9.0337e+12
230.07   9.0337e+12
230.44   9.0337e+12
230.82   9.2097e+12
231.19   9.2097e+12
231.57   9.307e+12
231.94   9.4315e+12
232.32   9.6508e+12
232.69   9.8385e+12
233.07   9.8616e+12
233.44   9.8616e+12
233.82   1.0075e+13
234.19   9.8616e+12
234.57   1.0075e+13
234.94   1.0325e+13
235.31   1.0325e+13
235.69   1.0346e+13
236.06   1.0346e+13
236.44   1.0346e+13
236.81   1.0421e+13
237.19   1.0355e+13
237.56   1.0355e+13
237.94   1.0355e+13
238.31   1.0355e+13
238.68   1.0305e+13
239.06   1.0305e+13
239.43   1.032e+13
239.81   1.032e+13
240.18   1.0433e+13
240.55   1.032e+13
240.93   1.0267e+13
241.3   1.0217e+13
241.67   1.027e+13
242.05   1.0211e+13
242.42   1.027e+13
242.8   1.0211e+13
243.17   1.0211e+13
243.54   1.0192e+13
243.92   1.0119e+13
244.29   1.0068e+13
244.66   1.0068e+13
245.04   1.0015e+13
245.41   9.9623e+12
245.78   9.9623e+12
246.16   9.7934e+12
246.53   9.5785e+12
246.9   9.5785e+12
247.28   9.4865e+12
247.65   9.5575e+12
248.02   9.5575e+12
248.4   9.5902e+12
248.77   9.4902e+12
249.14   9.4537e+12
249.52   9.3776e+12
249.89   9.3776e+12
250.26   9.2876e+12
250.63   9.2082e+12
251.01   9.1324e+12
251.38   9.0609e+12
251.75   9.0609e+12
252.13   8.9583e+12
252.5   8.9583e+12
252.87   8.8465e+12
253.25   8.8993e+12
253.62   8.7913e+12
253.99   8.7445e+12
254.36   8.7445e+12
254.74   8.7445e+12
255.11   8.7445e+12
255.48   8.6963e+12
255.85   8.6963e+12
256.23   8.665e+12
256.6   8.665e+12
256.97   8.665e+12
257.34   8.665e+12
257.71   8.5634e+12
258.09   8.5105e+12
258.46   8.4385e+12
258.83   8.4385e+12
259.2   8.3843e+12
259.58   8.3545e+12
259.95   8.3124e+12
260.32   8.2913e+12
260.69   8.2913e+12
261.06   8.3124e+12
261.44   8.3364e+12
261.81   8.3364e+12
262.18   8.3236e+12
262.55   8.3236e+12
262.92   8.285e+12
263.3   8.3491e+12
263.67   8.3699e+12
264.04   8.4327e+12
264.41   8.6298e+12
264.78   8.6298e+12
265.15   8.8787e+12
265.52   9.0601e+12
265.9   9.1518e+12
266.27   9.1856e+12
266.64   9.2431e+12
267.01   9.2726e+12
267.38   9.2726e+12
267.75   9.3354e+12
268.12   9.476e+12
268.5   9.6457e+12
268.87   9.847e+12
269.24   9.9704e+12
269.61   1.0031e+13
269.98   1.0095e+13
270.35   1.0164e+13
270.72   1.0318e+13
271.09   1.0429e+13
271.46   1.055e+13
271.83   1.084e+13
272.2   1.1082e+13
272.58   1.1238e+13
272.95   1.1342e+13
273.32   1.1376e+13
273.69   1.1493e+13
274.06   1.1603e+13
274.43   1.1627e+13
274.8   1.1673e+13
275.17   1.1777e+13
275.54   1.1937e+13
275.91   1.2109e+13
276.28   1.2357e+13
276.65   1.2636e+13
277.02   1.2766e+13
277.39   1.2807e+13
277.76   1.2807e+13
278.13   1.2845e+13
278.5   1.289e+13
278.87   1.295e+13
279.25   1.2996e+13
279.62   1.3121e+13
279.99   1.3249e+13
280.36   1.3295e+13
280.73   1.3449e+13
281.1   1.3576e+13
281.46   1.3655e+13
281.83   1.3749e+13
282.2   1.3822e+13
282.57   1.3887e+13
282.94   1.387e+13
283.31   1.3887e+13
283.68   1.3901e+13
284.05   1.4029e+13
284.42   1.4029e+13
284.79   1.4231e+13
285.16   1.4231e+13
285.53   1.4317e+13
285.9   1.4317e+13
286.27   1.4168e+13
286.64   1.4168e+13
287.01   1.406e+13
287.38   1.3985e+13
287.75   1.3985e+13
288.12   1.4041e+13
288.49   1.4041e+13
288.86   1.4088e+13
289.23   1.4045e+13
289.59   1.4088e+13
289.96   1.4093e+13
290.33   1.4093e+13
290.7   1.4074e+13
291.07   1.4074e+13
291.44   1.4069e+13
291.81   1.404e+13
292.18   1.398e+13
292.55   1.3917e+13
292.92   1.3888e+13
293.28   1.3879e+13
293.65   1.3872e+13
294.02   1.3866e+13
294.39   1.3787e+13
294.76   1.3703e+13
295.13   1.367e+13
295.5   1.3492e+13
295.86   1.3391e+13
296.23   1.3314e+13
296.6   1.3226e+13
296.97   1.3141e+13
297.34   1.312e+13
297.71   1.3052e+13
298.07   1.2986e+13
298.44   1.2966e+13
298.81   1.2832e+13
299.18   1.2706e+13
299.55   1.2597e+13
299.92   1.2437e+13
300.28   1.2387e+13
300.65   1.234e+13
301.02   1.2261e+13
301.39   1.2185e+13
301.75   1.208e+13
302.12   1.1899e+13
302.49   1.208e+13
302.86   1.1899e+13
303.23   1.1777e+13
303.59   1.1684e+13
303.96   1.1487e+13
304.33   1.1487e+13
304.7   1.1351e+13
305.06   1.13e+13
305.43   1.1149e+13
305.8   1.1024e+13
306.17   1.098e+13
306.53   1.0849e+13
306.9   1.0729e+13
307.27   1.0622e+13
307.64   1.0521e+13
308   1.0488e+13
308.37   1.0403e+13
308.74   1.0299e+13
309.11   1.0192e+13
309.47   9.9875e+12
309.84   9.8511e+12
310.21   9.8016e+12
310.57   9.5811e+12
310.94   9.5811e+12
311.31   9.3111e+12
311.67   9.2062e+12
312.04   9.1848e+12
312.41   9.0707e+12
312.77   8.9353e+12
313.14   8.8976e+12
313.51   8.8304e+12
313.88   8.6825e+12
314.24   8.5694e+12
314.61   8.4279e+12
314.98   8.2664e+12
315.34   8.1899e+12
315.71   8.147e+12
316.07   8.0959e+12
316.44   7.9074e+12
316.81   7.7584e+12
317.17   7.7415e+12
317.54   7.6846e+12
317.91   7.5467e+12
318.27   7.4396e+12
318.64   7.4058e+12
319   7.3773e+12
319.37   7.3394e+12
319.74   7.2284e+12
320.1   7.1098e+12
320.47   6.9934e+12
320.83   6.8981e+12
321.2   6.827e+12
321.57   6.7686e+12
321.93   6.7618e+12
322.3   6.7406e+12
322.66   6.6466e+12
323.03   6.5566e+12
323.39   6.4883e+12
323.76   6.4335e+12
324.13   6.4174e+12
324.49   6.3605e+12
324.86   6.2178e+12
325.22   6.0952e+12
325.59   6.0458e+12
325.95   6.0106e+12
326.32   5.9914e+12
326.69   5.968e+12
327.05   5.9285e+12
327.42   5.9285e+12
327.78   5.8648e+12
328.15   5.7094e+12
328.51   5.7094e+12
328.88   5.6208e+12
329.24   5.5948e+12
329.61   5.546e+12
329.97   5.4424e+12
330.34   5.3781e+12
330.7   5.3657e+12
331.07   5.3211e+12
331.43   5.2398e+12
331.8   5.175e+12
332.16   5.1271e+12
332.52   5.041e+12
332.89   4.9432e+12
333.25   4.8803e+12
333.62   4.8803e+12
333.98   4.8065e+12
334.35   4.8065e+12
334.71   4.7364e+12
335.08   4.7364e+12
335.44   4.6721e+12
335.81   4.6425e+12
336.17   4.6425e+12
336.54   4.6255e+12
336.9   4.5956e+12
337.26   4.5119e+12
337.63   4.5119e+12
337.99   4.4406e+12
338.36   4.3757e+12
338.72   4.3197e+12
339.08   4.2378e+12
339.45   4.158e+12
339.81   4.1e+12
340.18   4.0345e+12
340.54   4.0022e+12
340.9   3.9573e+12
341.27   3.9302e+12
341.63   3.8938e+12
342   3.8216e+12
342.36   3.741e+12
342.72   3.6755e+12
343.09   3.6436e+12
343.45   3.6267e+12
343.81   3.6104e+12
344.18   3.5575e+12
344.54   3.507e+12
344.9   3.507e+12
345.27   3.4887e+12
345.63   3.4665e+12
345.99   3.4143e+12
346.36   3.358e+12
346.72   3.3466e+12
347.08   3.3466e+12
347.45   3.3035e+12
347.81   3.2327e+12
348.17   3.2327e+12
348.54   3.1642e+12
348.9   3.101e+12
349.26   3.1015e+12
349.62   3.0757e+12
349.99   3.0635e+12
350.35   3.0209e+12
350.71   3.0118e+12
351.08   3.0118e+12
351.44   2.925e+12
351.8   2.8908e+12
352.16   2.785e+12
352.53   2.785e+12
352.89   2.7646e+12
353.25   2.7473e+12
353.61   2.7473e+12
353.98   2.7646e+12
354.34   2.7646e+12
354.7   2.7646e+12
355.06   2.7756e+12
355.43   2.7756e+12
355.79   2.768e+12
356.15   2.7422e+12
356.51   2.7287e+12
356.88   2.6953e+12
357.24   2.6085e+12
357.6   2.5516e+12
357.96   2.539e+12
358.32   2.4836e+12
358.69   2.4836e+12
359.05   2.4215e+12
359.41   2.3943e+12
359.77   2.3578e+12
360.13   2.3309e+12
360.49   2.3199e+12
360.86   2.3068e+12
361.22   2.2672e+12
361.58   2.2672e+12
361.94   2.2672e+12
362.3   2.2448e+12
362.66   2.2278e+12
363.03   2.2448e+12
363.39   2.2448e+12
363.75   2.221e+12
364.11   2.2628e+12
364.47   2.2628e+12
364.83   2.2628e+12
365.19   2.2555e+12
365.56   2.2555e+12
365.92   2.2616e+12
366.28   2.2827e+12
366.64   2.2616e+12
367   2.2827e+12
367.36   2.2984e+12
367.72   2.2984e+12
368.08   2.3003e+12
368.44   2.3067e+12
368.8   2.3178e+12
369.17   2.3185e+12
369.53   2.3185e+12
369.89   2.3185e+12
370.25   2.3185e+12
370.61   2.3226e+12
370.97   2.3226e+12
371.33   2.3226e+12
371.69   2.3077e+12
372.05   2.2605e+12
372.41   2.2605e+12
372.77   2.1992e+12
373.13   2.1863e+12
373.49   2.1838e+12
373.85   2.1416e+12
374.21   2.095e+12
374.57   2.095e+12
374.93   2.0712e+12
375.29   2.095e+12
375.65   2.0738e+12
376.01   2.0381e+12
376.37   2.0619e+12
376.73   2.0157e+12
377.09   2.0157e+12
377.45   2e+12
377.81   2e+12
378.17   1.9428e+12
378.53   1.9586e+12
378.89   1.9157e+12
379.25   1.9157e+12
379.61   1.9437e+12
379.97   1.9437e+12
380.33   1.9967e+12
380.69   1.9437e+12
381.05   1.9437e+12
381.41   1.9967e+12
381.77   1.9967e+12
382.13   1.9967e+12
382.49   1.9967e+12
382.85   1.9882e+12
383.21   1.9882e+12
383.57   1.9193e+12
383.93   1.9193e+12
384.29   1.9529e+12
384.64   1.9529e+12
385   1.9193e+12
385.36   1.9395e+12
385.72   1.9037e+12
386.08   1.9383e+12
386.44   1.9331e+12
386.8   1.8942e+12
387.16   1.8942e+12
387.52   1.88e+12
387.88   1.8551e+12
388.23   1.8551e+12
388.59   1.88e+12
388.95   1.88e+12
389.31   1.8551e+12
389.67   1.8551e+12
390.03   1.8551e+12
390.38   1.8551e+12
390.74   1.8658e+12
391.1   1.9306e+12
391.46   1.9306e+12
391.82   1.9195e+12
392.18   1.8464e+12
392.54   1.8464e+12
392.89   1.8694e+12
393.25   1.8694e+12
393.61   1.8932e+12
393.97   1.9028e+12
394.33   1.8791e+12
394.68   1.8694e+12
395.04   1.8466e+12
395.4   1.8607e+12
395.76   1.879e+12
396.12   1.9028e+12
396.47   1.8898e+12
396.83   1.8898e+12
397.19   1.8898e+12
397.55   1.8951e+12
397.9   1.8951e+12
398.26   1.8951e+12
398.62   1.8951e+12
398.98   1.8951e+12
399.33   1.7659e+12
399.69   1.592e+12
400.05   1.5289e+12
400.41   1.4944e+12
400.76   1.4711e+12
401.12   1.4711e+12
401.48   1.4711e+12
401.84   1.4818e+12
402.19   1.4711e+12
402.55   1.4818e+12
402.91   1.4925e+12
403.26   1.5052e+12
403.62   1.5104e+12
403.98   1.5104e+12
404.34   1.5301e+12
404.69   1.5173e+12
405.05   1.5301e+12
405.41   1.5383e+12
405.76   1.5484e+12
406.12   1.5383e+12
406.48   1.5301e+12
406.83   1.5223e+12
407.19   1.499e+12
407.55   1.499e+12
407.9   1.4693e+12
408.26   1.4693e+12
408.62   1.4693e+12
408.97   1.414e+12
409.33   1.371e+12
409.69   1.371e+12
410.04   1.3412e+12
410.4   1.3412e+12
410.75   1.4076e+12
411.11   1.4548e+12
411.47   1.4548e+12
411.82   1.3828e+12
412.18   1.3148e+12
412.53   1.3828e+12
412.89   1.4194e+12
413.25   1.4235e+12
413.6   1.4235e+12
413.96   1.3699e+12
414.31   1.3333e+12
414.67   1.3333e+12
415.02   1.3333e+12
415.38   1.3699e+12
415.74   1.3699e+12
416.09   1.3322e+12
416.45   1.286e+12
416.8   1.2396e+12
417.16   1.2189e+12
417.51   1.1962e+12
417.87   1.1718e+12
418.23   1.1718e+12
418.58   1.1673e+12
418.94   1.1673e+12
419.29   1.1718e+12
419.65   1.1901e+12
420   1.1901e+12
420.36   1.2188e+12
420.71   1.2188e+12
421.07   1.2423e+12
421.42   1.2649e+12
421.78   1.2772e+12
422.13   1.2772e+12
422.49   1.2772e+12
422.84   1.2551e+12
423.2   1.2551e+12
423.55   1.2083e+12
423.91   1.1929e+12
424.26   1.1929e+12
424.62   1.1929e+12
424.97   1.1845e+12
425.32   1.1766e+12
425.68   1.155e+12
426.03   1.1343e+12
426.39   1.1343e+12
426.74   1.1343e+12
427.1   1.1409e+12
427.45   1.1409e+12
427.81   1.1348e+12
428.16   1.0927e+12
428.51   1.0927e+12
428.87   1.0927e+12
429.22   1.1348e+12
429.58   1.1348e+12
429.93   1.1348e+12
430.28   1.0927e+12
430.64   1.0685e+12
430.99   1.0652e+12
431.35   1.021e+12
431.7   1.0123e+12
432.05   9.8944e+11
432.41   9.8944e+11
432.76   9.5668e+11
433.11   9.4576e+11
433.47   9.4576e+11
433.82   9.4576e+11
434.18   9.6437e+11
434.53   9.6437e+11
434.88   9.8545e+11
435.24   9.8545e+11
435.59   9.6437e+11
435.94   9.6418e+11
436.3   9.6418e+11
436.65   9.6306e+11
437   9.6306e+11
437.36   9.4759e+11
437.71   9.4759e+11
438.06   9.3956e+11
438.41   9.3803e+11
438.77   9.0462e+11
439.12   9.0462e+11
439.47   8.722e+11
439.83   8.722e+11
440.18   9.045e+11
440.53   9.045e+11
440.88   8.4606e+11
441.24   7.9949e+11
441.59   7.7667e+11
441.94   7.7358e+11
442.3   7.6578e+11
442.65   7.6578e+11
443   7.7358e+11
443.35   7.379e+11
443.7   7.3788e+11
444.06   7.3788e+11
444.41   6.708e+11
444.76   7.3788e+11
445.11   6.4185e+11
445.47   7.0685e+11
445.82   7.1655e+11
446.17   7.1655e+11
446.52   7.1655e+11
446.88   7.1655e+11
447.23   6.8857e+11
447.58   6.3477e+11
447.93   6.3477e+11
448.28   5.993e+11
448.63   6.3477e+11
448.99   6.3477e+11
449.34   6.0982e+11
449.69   6.0982e+11
450.04   5.7401e+11
450.39   5.9191e+11
450.75   5.9191e+11
451.1   5.8717e+11
451.45   6.0508e+11
451.8   6.0508e+11
452.15   6.0508e+11
452.5   6.0508e+11
452.85   5.9186e+11
453.2   6.092e+11
453.56   6.1824e+11
453.91   6.3498e+11
454.26   6.1824e+11
454.61   6.1824e+11
454.96   6.1824e+11
455.31   6.2704e+11
455.66   6.2704e+11
456.01   6.3301e+11
456.37   6.3301e+11
456.72   6.2625e+11
457.07   6.2625e+11
457.42   6.1615e+11
457.77   6.1615e+11
458.12   6.1615e+11
458.47   6.1615e+11
458.82   6.1615e+11
459.17   5.9924e+11
459.52   5.9924e+11
459.87   5.8403e+11
460.22   5.7602e+11
460.57   5.7602e+11
460.92   5.7602e+11
461.27   5.7602e+11
461.62   5.2346e+11
461.97   4.2702e+11
462.32   4.2702e+11
462.68   3.7903e+11
463.02   3.7903e+11
463.38   3.7903e+11
463.73   3.6599e+11
464.07   3.1574e+11
464.43   2.7594e+11
464.77   2.7594e+11
465.12   3.5907e+11
465.48   4.6181e+11
465.82   4.6181e+11
466.17   4.8933e+11
466.52   4.6181e+11
466.87   4.1911e+11
467.22   4.1911e+11
467.57   4.6181e+11
467.92   4.8933e+11
468.27   4.8933e+11
468.62   4.4664e+11
468.97   4.2652e+11
469.32   4.2652e+11
469.67   4.2652e+11
470.02   4.0477e+11
470.37   4.3981e+11
470.72   4.6123e+11
471.07   4.3981e+11
471.42   3.8865e+11
471.76   3.965e+11
472.11   3.965e+11
472.46   3.7494e+11
472.81   3.7494e+11
473.16   3.6146e+11
473.51   3.7494e+11
473.86   3.4627e+11
474.21   3.1651e+11
474.56   3.4627e+11
474.9   3.4627e+11
475.25   3.1651e+11
475.6   2.9831e+11
475.95   2.7394e+11
476.3   2.7394e+11
476.65   2.3545e+11
477   2.3545e+11
477.35   2.7394e+11
477.69   2.8004e+11
478.04   2.8004e+11
478.39   3.1299e+11
478.74   3.283e+11
479.09   3.283e+11
479.43   3.3997e+11
479.78   3.283e+11
480.13   3.283e+11
480.48   3.283e+11
480.83   3.283e+11
481.18   3.2137e+11
481.52   3.2137e+11
481.87   3.1443e+11
482.22   3.1443e+11
482.57   3.1443e+11
482.91   3.0984e+11
483.26   3.0984e+11
483.61   2.9952e+11
483.96   2.9952e+11
484.3   2.5683e+11
484.65   2.3074e+11
485   2.138e+11
485.35   2.138e+11
485.69   1.9765e+11
486.04   2.0467e+11
486.39   2.138e+11
486.74   2.3074e+11
487.08   2.3632e+11
487.43   2.268e+11
487.78   2.3632e+11
488.12   2.4654e+11
488.47   2.6959e+11
488.82   2.6959e+11
489.17   2.7799e+11
489.51   2.7799e+11
489.86   2.6996e+11
490.21   2.6996e+11
490.55   2.6996e+11
490.9   2.6996e+11
491.25   2.6203e+11
491.59   2.5616e+11
491.94   2.508e+11
492.29   2.508e+11
492.63   2.508e+11
492.98   2.4673e+11
493.33   2.508e+11
493.67   2.508e+11
494.02   2.508e+11
494.37   2.508e+11
494.71   2.5679e+11
495.06   2.6371e+11
495.4   2.6371e+11
495.75   2.461e+11
496.1   2.2224e+11
496.44   2.0608e+11
496.79   2.0608e+11
497.13   2.2087e+11
497.48   2.2087e+11
497.83   2.2087e+11
498.17   1.7744e+11
498.52   1.7744e+11
498.86   2.2087e+11
499.21   2.646e+11
499.56   2.646e+11
499.9   2.646e+11
500.25   2.5613e+11
500.59   2.6159e+11
500.94   2.6159e+11
501.28   2.6159e+11
501.63   2.7005e+11
501.97   2.6157e+11
502.32   2.3063e+11
502.67   2.2676e+11
503.01   2.4925e+11
503.36   2.5771e+11
503.7   2.5771e+11
504.05   2.5771e+11
504.39   2.5771e+11
504.74   2.5771e+11
505.08   2.6024e+11
505.43   2.7315e+11
505.77   2.8083e+11
506.12   2.8409e+11
506.46   2.8409e+11
506.81   2.7641e+11
507.15   2.7641e+11
507.5   2.7641e+11
507.84   2.7641e+11
508.18   2.6948e+11
508.53   2.6075e+11
508.87   2.6075e+11
509.22   2.6075e+11
509.56   2.296e+11
509.91   2.366e+11
510.25   2.366e+11
510.6   2.366e+11
510.94   2.2698e+11
511.28   2.1697e+11
511.63   2.3849e+11
511.97   2.6145e+11
512.32   2.7911e+11
512.66   2.3941e+11
513   2.3941e+11
513.35   2.3941e+11
513.69   2.6063e+11
514.04   2.7532e+11
514.38   2.7607e+11
514.72   2.8417e+11
515.07   2.7607e+11
515.41   2.7607e+11
515.75   2.7607e+11
516.1   2.7607e+11
516.44   2.8417e+11
516.79   3.0496e+11
517.13   2.8417e+11
517.47   3.0496e+11
517.82   3.2553e+11
518.16   3.2553e+11
518.5   3.2553e+11
518.85   3.1581e+11
519.19   3.1581e+11
519.53   3.1581e+11
519.88   3.1581e+11
520.22   2.8019e+11
520.56   3.1581e+11
520.9   3.1674e+11
521.25   3.1674e+11
521.59   3.1674e+11
521.93   3.3803e+11
522.28   3.4513e+11
522.62   3.3803e+11
522.96   3.3803e+11
523.3   3.4513e+11
523.65   3.5562e+11
523.99   3.5309e+11
524.33   3.664e+11
524.67   3.5481e+11
525.02   3.7587e+11
525.36   3.5481e+11
525.7   3.5481e+11
526.04   3.5481e+11
526.39   3.8677e+11
526.73   4.1933e+11
527.07   4.043e+11
527.41   4.1933e+11
527.76   4.1799e+11
528.1   4.2736e+11
528.44   4.137e+11
528.78   4.137e+11
529.12   4.2736e+11
529.47   4.3298e+11
529.81   4.6015e+11
530.15   4.6015e+11
530.49   4.9458e+11
530.83   4.6608e+11
531.18   4.6742e+11
531.52   5.0065e+11
531.86   5.0475e+11
532.2   5.2386e+11
532.54   5.286e+11
532.88   5.3066e+11
533.23   5.1346e+11
533.57   5.1417e+11
533.91   5.3066e+11
534.25   5.5871e+11
534.59   5.6569e+11
534.93   5.5525e+11
535.27   5.6569e+11
535.61   5.6569e+11
535.96   5.7546e+11
536.3   5.7717e+11
536.64   5.7826e+11
536.98   5.9648e+11
537.32   5.7826e+11
537.66   5.7826e+11
538   5.9648e+11
538.34   6.203e+11
538.68   6.2709e+11
539.02   6.203e+11
539.36   6.2098e+11
539.7   6.2845e+11
540.04   6.4089e+11
540.38   6.5417e+11
540.73   6.5832e+11
541.07   6.9035e+11
541.41   6.9035e+11
541.75   7.2052e+11
542.09   7.2513e+11
542.43   7.3429e+11
542.77   7.493e+11
543.11   7.956e+11
543.45   8.0251e+11
543.79   8.0251e+11
544.13   8.0251e+11
544.47   8.3552e+11
544.81   8.4496e+11
545.15   8.8124e+11
545.49   8.8232e+11
545.83   9.0908e+11
546.17   9.3371e+11
546.51   9.3892e+11
546.85   9.3892e+11
547.19   9.5823e+11
547.53   9.5823e+11
547.87   9.6965e+11
548.21   9.6965e+11
548.54   9.6965e+11
548.88   9.6965e+11
549.22   9.7671e+11
549.56   9.7133e+11
549.9   1.014e+12
550.24   1.0285e+12
550.58   1.0645e+12
550.92   1.0645e+12
551.26   1.0828e+12
551.6   1.0868e+12
551.94   1.0868e+12
552.28   1.1067e+12
552.62   1.1339e+12
552.95   1.1339e+12
553.29   1.1339e+12
553.63   1.15e+12
553.97   1.1775e+12
554.31   1.219e+12
554.65   1.2421e+12
554.99   1.2888e+12
555.33   1.3259e+12
555.66   1.3377e+12
556   1.3512e+12
556.34   1.3512e+12
556.68   1.3632e+12
557.02   1.3632e+12
557.36   1.3632e+12
557.69   1.3736e+12
558.03   1.3736e+12
558.37   1.401e+12
558.71   1.4682e+12
559.05   1.5245e+12
559.38   1.5602e+12
559.72   1.5907e+12
560.06   1.6011e+12
560.4   1.6167e+12
560.74   1.6279e+12
561.07   1.6449e+12
561.41   1.6728e+12
561.75   1.6886e+12
562.09   1.6996e+12
562.42   1.7187e+12
562.76   1.7539e+12
563.1   1.773e+12
563.44   1.773e+12
563.77   1.8228e+12
564.11   1.9014e+12
564.45   1.9456e+12
564.79   1.9562e+12
565.12   2.0033e+12
565.46   2.0505e+12
565.8   2.0734e+12
566.14   2.1084e+12
566.47   2.134e+12
566.81   2.1423e+12
567.15   2.1601e+12
567.48   2.2149e+12
567.82   2.2629e+12
568.16   2.3187e+12
568.5   2.3187e+12
568.83   2.3187e+12
569.17   2.3891e+12
569.5   2.4218e+12
569.84   2.4474e+12
570.18   2.4474e+12
570.51   2.4656e+12
570.85   2.4774e+12
571.19   2.5135e+12
571.52   2.5135e+12
571.86   2.6022e+12
572.2   2.6784e+12
572.53   2.713e+12
572.87   2.7513e+12
573.21   2.7968e+12
573.54   2.8257e+12
573.88   2.8257e+12
574.21   2.8674e+12
574.55   2.9276e+12
574.89   2.9893e+12
575.22   3.0172e+12
575.56   3.0313e+12
575.89   3.0712e+12
576.23   3.1016e+12
576.57   3.126e+12
576.9   3.1746e+12
577.24   3.2185e+12
577.57   3.2399e+12
577.91   3.2522e+12
578.24   3.3311e+12
578.58   3.4005e+12
578.91   3.4376e+12
579.25   3.5021e+12
579.59   3.5473e+12
579.92   3.5975e+12
580.26   3.6386e+12
580.59   3.664e+12
580.93   3.7181e+12
581.26   3.7695e+12
581.6   3.7856e+12
581.93   3.792e+12
582.27   3.8219e+12
582.6   3.868e+12
582.94   3.898e+12
583.27   3.9202e+12
583.61   3.9386e+12
583.94   3.9557e+12
584.27   4.0208e+12
584.61   4.0991e+12
584.95   4.1303e+12
585.28   4.1575e+12
585.61   4.1851e+12
585.95   4.2132e+12
586.28   4.2547e+12
586.62   4.2834e+12
586.95   4.2936e+12
587.29   4.3026e+12
587.62   4.3125e+12
587.95   4.3222e+12
588.29   4.3774e+12
588.62   4.4859e+12
588.96   4.5483e+12
589.29   4.5706e+12
589.62   4.6031e+12
589.96   4.6297e+12
590.29   4.6541e+12
590.63   4.6859e+12
590.96   4.7273e+12
591.29   4.7563e+12
591.63   4.7932e+12
591.96   4.8299e+12
592.29   4.8299e+12
592.63   4.843e+12
592.96   4.9184e+12
593.29   5.0457e+12
593.63   5.1269e+12
593.96   5.1599e+12
594.3   5.1646e+12
594.63   5.1821e+12
594.96   5.2064e+12
595.29   5.2214e+12
595.63   5.2738e+12
595.96   5.3533e+12
596.29   5.4206e+12
596.63   5.4705e+12
596.96   5.4886e+12
597.29   5.532e+12
597.63   5.5268e+12
597.96   5.5767e+12
598.29   5.6402e+12
598.62   5.7035e+12
598.96   5.7035e+12
599.29   5.7436e+12
599.62   5.7791e+12
599.96   5.7793e+12
600.29   5.7844e+12
600.62   5.8356e+12
600.95   5.8881e+12
601.29   5.8881e+12
601.62   5.8356e+12
601.95   5.8881e+12
602.28   5.8881e+12
602.62   5.9035e+12
602.95   5.9464e+12
603.28   5.9464e+12
603.61   5.979e+12
603.94   5.9963e+12
604.27   6.0513e+12
604.61   6.0856e+12
604.94   6.1207e+12
605.27   6.1345e+12
605.6   6.1934e+12
605.93   6.2366e+12
606.27   6.2697e+12
606.6   6.2751e+12
606.93   6.3026e+12
607.26   6.3026e+12
607.59   6.3444e+12
607.92   6.3841e+12
608.25   6.3967e+12
608.59   6.416e+12
608.92   6.4337e+12
609.25   6.4337e+12
609.58   6.4337e+12
609.91   6.4474e+12
610.24   6.4623e+12
610.57   6.5247e+12
610.9   6.5896e+12
611.24   6.5896e+12
611.57   6.6318e+12
611.9   6.6436e+12
612.23   6.6673e+12
612.56   6.7219e+12
612.89   6.7219e+12
613.22   6.7219e+12
613.55   6.6673e+12
613.88   6.7219e+12
614.21   6.6953e+12
614.54   6.7426e+12
614.87   6.8014e+12
615.2   6.7426e+12
615.53   6.769e+12
615.87   6.769e+12
616.2   6.769e+12
616.53   6.8293e+12
616.86   6.8399e+12
617.19   6.862e+12
617.52   6.8782e+12
617.85   6.8782e+12
618.18   6.9212e+12
618.51   6.9212e+12
618.84   6.9684e+12
619.17   6.9684e+12
619.5   6.9684e+12
619.83   6.9684e+12
620.16   6.9554e+12
620.49   6.891e+12
620.82   6.8807e+12
621.14   6.8807e+12
621.47   6.8025e+12
621.8   6.8425e+12
622.13   6.8425e+12
622.46   6.931e+12
622.79   6.9586e+12
623.12   6.874e+12
623.45   6.888e+12
623.78   6.9566e+12
624.11   6.9247e+12
624.44   6.9945e+12
624.77   6.9945e+12
625.1   6.9822e+12
625.42   6.9429e+12
625.75   6.923e+12
626.08   6.8981e+12
626.41   6.8981e+12
626.74   6.923e+12
627.07   6.8981e+12
627.4   6.923e+12
627.73   6.923e+12
628.06   6.923e+12
628.38   6.9499e+12
628.71   7.0031e+12
629.04   7.0612e+12
629.37   7.0612e+12
629.7   7.1291e+12
630.03   7.1067e+12
630.36   7.1304e+12
630.68   7.188e+12
631.01   7.138e+12
631.34   7.0941e+12
631.67   7.0628e+12
632   7.0628e+12
632.32   7.0628e+12
632.65   7.0628e+12
632.98   7.0217e+12
633.31   7.0454e+12
633.64   6.9349e+12
633.96   6.8533e+12
634.29   6.8533e+12
634.62   6.9325e+12
634.95   6.8533e+12
635.27   6.8528e+12
635.6   6.8528e+12
635.93   6.8743e+12
636.26   6.8617e+12
636.58   6.7978e+12
636.91   6.8617e+12
637.24   6.9105e+12
637.57   6.9105e+12
637.89   6.8617e+12
638.22   6.8314e+12
638.55   6.9025e+12
638.88   6.8508e+12
639.2   6.7623e+12
639.53   6.7623e+12
639.86   6.7193e+12
640.18   6.5923e+12
640.51   6.5923e+12
640.84   6.5923e+12
641.16   6.5923e+12
641.49   6.5252e+12
641.82   6.4718e+12
642.14   6.5252e+12
642.47   6.4718e+12
642.8   6.5426e+12
643.12   6.572e+12
643.45   6.572e+12
643.78   6.5426e+12
644.1   6.5049e+12
644.43   6.4452e+12
644.75   6.4008e+12
645.08   6.4008e+12
645.41   6.4008e+12
645.73   6.383e+12
646.06   6.383e+12
646.38   6.383e+12
646.71   6.383e+12
647.04   6.4124e+12
647.36   6.4124e+12
647.69   6.3817e+12
648.01   6.3817e+12
648.34   6.4335e+12
648.67   6.3817e+12
648.99   6.332e+12
649.32   6.1851e+12
649.64   6.1329e+12
649.97   6.1544e+12
650.29   6.1329e+12
650.62   6.0799e+12
650.94   6.1329e+12
651.27   6.1544e+12
651.6   6.082e+12
651.92   6.0834e+12
652.25   6.0616e+12
652.57   6.116e+12
652.89   6.116e+12
653.22   6.0626e+12
653.54   6.0626e+12
653.87   6.0626e+12
654.2   6.0071e+12
654.52   5.9297e+12
654.85   5.9536e+12
655.17   5.9e+12
655.49   5.8456e+12
655.82   5.7749e+12
656.14   5.7527e+12
656.47   5.712e+12
656.79   5.6891e+12
657.12   5.656e+12
657.44   5.6153e+12
657.77   5.5966e+12
658.09   5.5625e+12
658.41   5.5625e+12
658.74   5.547e+12
659.06   5.5293e+12
659.39   5.494e+12
659.71   5.4643e+12
660.03   5.457e+12
660.36   5.4524e+12
660.68   5.433e+12
661.01   5.3829e+12
661.33   5.2777e+12
661.65   5.2042e+12
661.98   5.2773e+12
662.3   5.3094e+12
662.62   5.1378e+12
662.95   5.1767e+12
663.27   5.1197e+12
663.6   5.0657e+12
663.92   5.1197e+12
664.24   5.1197e+12
664.57   5.1197e+12
664.89   5.129e+12
665.21   5.129e+12
665.54   5.099e+12
665.86   5.099e+12
666.18   5.0313e+12
666.5   4.9329e+12
666.83   5.0006e+12
667.15   4.9374e+12
667.47   4.8719e+12
667.8   4.7857e+12
668.12   4.7857e+12
668.44   4.723e+12
668.76   4.7381e+12
669.09   4.7381e+12
669.41   4.7857e+12
669.73   4.874e+12
670.06   4.7965e+12
670.38   4.7965e+12
670.7   4.7965e+12
671.02   4.7489e+12
671.35   4.7396e+12
671.67   4.7396e+12
671.99   4.7381e+12
672.31   4.7743e+12
672.63   4.7381e+12
672.96   4.6776e+12
673.28   4.6345e+12
673.6   4.5776e+12
673.92   4.5255e+12
674.24   4.5255e+12
674.57   4.5153e+12
674.89   4.5153e+12
675.21   4.49e+12
675.53   4.49e+12
675.85   4.453e+12
676.17   4.2743e+12
676.5   4.2743e+12
676.82   4.219e+12
677.14   4.0803e+12
677.46   4.0803e+12
677.78   4.2051e+12
678.1   4.2051e+12
678.42   4.2865e+12
678.75   4.208e+12
679.07   4.208e+12
679.39   4.208e+12
679.71   4.1364e+12
680.03   4.1364e+12
680.35   4.1364e+12
680.67   3.9474e+12
680.99   3.9054e+12
681.31   3.9872e+12
681.63   3.9175e+12
681.96   3.9175e+12
682.28   3.9175e+12
682.6   3.9175e+12
682.92   3.9175e+12
683.24   3.9043e+12
683.56   3.9043e+12
683.88   3.9175e+12
684.2   3.9043e+12
684.52   3.8472e+12
684.84   3.7279e+12
685.16   3.6486e+12
685.48   3.6486e+12
685.8   3.6486e+12
686.12   3.6486e+12
686.44   3.6486e+12
686.76   3.5551e+12
687.08   3.4982e+12
687.4   3.4982e+12
687.72   3.4982e+12
688.04   3.4982e+12
688.36   3.4982e+12
688.68   3.4982e+12
689   3.4357e+12
689.32   3.3365e+12
689.64   3.2583e+12
689.96   3.1915e+12
690.28   3.0872e+12
690.6   3.1915e+12
690.92   3.0872e+12
691.24   3.0449e+12
691.56   3.0449e+12
691.88   2.953e+12
692.19   2.953e+12
692.51   3.0449e+12
692.83   3.0449e+12
693.15   3.0749e+12
693.47   3.1693e+12
693.79   3.0525e+12
694.11   3.1693e+12
694.43   3.1693e+12
694.75   2.9844e+12
695.07   2.9844e+12
695.38   2.8861e+12
695.7   2.8567e+12
696.02   2.857e+12
696.34   2.787e+12
696.66   2.7135e+12
696.98   2.6783e+12
697.29   2.6783e+12
697.61   2.7135e+12
697.93   2.6974e+12
698.25   2.695e+12
698.57   2.7302e+12
698.89   2.8376e+12
699.2   2.695e+12
699.52   2.695e+12
699.84   2.6357e+12
700.16   2.6357e+12
700.48   2.6357e+12
700.79   2.5527e+12
701.11   2.5137e+12
701.43   2.5137e+12
701.75   2.409e+12
702.07   2.409e+12
702.38   2.4435e+12
702.7   2.4435e+12
703.02   2.5364e+12
703.34   2.7745e+12
703.65   2.5364e+12
703.97   2.758e+12
704.29   2.7983e+12
704.61   2.7983e+12
704.92   2.8405e+12
705.24   2.7983e+12
705.56   2.7983e+12
705.87   2.781e+12
706.19   2.7572e+12
706.51   2.7176e+12
706.83   2.7176e+12
707.14   2.6485e+12
707.46   2.5832e+12
707.77   2.5825e+12
708.09   2.5017e+12
708.41   2.4408e+12
708.73   2.3571e+12
709.04   2.2773e+12
709.36   2.3571e+12
709.67   2.3571e+12
709.99   2.3571e+12
710.31   2.2181e+12
710.62   2.3649e+12
710.94   2.2181e+12
711.26   2.1708e+12
711.57   2.0159e+12
711.89   1.8802e+12
712.21   1.8802e+12
712.52   1.6623e+12
712.84   1.6623e+12
713.15   1.9372e+12
713.47   1.6932e+12
713.78   1.6932e+12
714.1   1.9529e+12
714.42   1.8691e+12
714.73   2.0414e+12
715.05   2.0414e+12
715.36   2.0414e+12
715.68   2.0414e+12
716   1.9295e+12
716.31   1.77e+12
716.63   1.77e+12
716.94   1.77e+12
717.26   1.6023e+12
717.57   1.4106e+12
717.89   1.4106e+12
718.2   1.4106e+12
718.52   1.4693e+12
718.83   1.661e+12
719.15   1.726e+12
719.46   1.7871e+12
719.78   1.9311e+12
720.09   1.7871e+12
720.41   1.7871e+12
720.72   1.7871e+12
721.04   2.0563e+12
721.35   2.0563e+12
721.67   2.1152e+12
721.98   1.8008e+12
722.29   1.8008e+12
722.61   1.4927e+12
722.92   1.2651e+12
723.24   1.4927e+12
723.55   1.8008e+12
723.87   2.128e+12
724.18   2.0507e+12
724.5   2.0507e+12
724.81   1.9922e+12
725.12   2.2387e+12
725.44   1.9922e+12
725.75   1.9922e+12
726.07   1.9993e+12
726.38   1.9993e+12
726.69   1.8301e+12
727.01   1.8301e+12
727.32   1.7969e+12
727.63   1.5692e+12
727.95   1.5967e+12
728.26   1.5967e+12
728.58   1.5967e+12
728.89   1.5967e+12
729.2   1.2922e+12
729.52   1.2022e+12
729.83   1.2022e+12
730.14   1.1707e+12
730.46   1.2022e+12
730.77   1.1707e+12
731.08   9.9071e+11
731.39   8.8146e+11
731.71   9.3631e+11
732.02   9.3631e+11
732.33   8.8146e+11
732.65   8.8146e+11
732.96   9.0928e+11
733.27   9.0928e+11
733.59   8.5527e+11
733.9   9.0928e+11
734.21   9.3631e+11
734.52   9.1012e+11
734.84   9.7979e+11
735.15   6.0458e+11
735.46   7.0085e+11
735.77   9.9139e+11
736.09   8.0916e+11
736.4   8.0916e+11
736.71   1.1156e+12
737.02   8.2508e+11
737.33   5.5292e+11
737.65   8.5938e+11
737.96   7.8629e+11
738.27   1.0585e+12
738.58   1.0585e+12
738.89   1.0988e+12
739.21   1.2857e+12
739.52   1.2857e+12
739.83   1.2857e+12
740.14   1.2857e+12
740.45   1.2857e+12
740.76   1.4442e+12
741.08   1.4442e+12
741.39   1.339e+12
741.7   1.339e+12
742.01   1.264e+12
742.32   1.1554e+12
742.63   1.0031e+12
742.94   8.1629e+11
743.25   1.0031e+12
743.57   8.1629e+11
743.88   8.1629e+11
744.19   9.5338e+11
744.5   8.1629e+11
744.81   3.0768e+11
745.12   3.9592e+11
745.43   -1.3171e+11
745.74   4.4478e+11
746.05   1.0688e+12
746.36   8.8141e+11
746.67   1.0688e+12
746.99   1.1116e+12
747.3   9.9073e+11
747.61   9.9073e+11
747.92   9.9073e+11
748.23   9.9073e+11
748.54   9.9073e+11
748.85   8.0921e+11
749.16   5.4125e+11
749.47   4.6956e+10
749.78   -2.4662e+11
750.09   -2.4662e+11
750.4   1.8919e+10
750.71   1.8919e+10
751.02   1.0921e+11
751.33   -1.7495e+11
751.64   1.0921e+11
751.95   1.0921e+11
752.26   3.7894e+11
752.57   6.542e+11
752.88   6.542e+11
753.19   3.7894e+11
753.5   3.5803e+11
753.8   8.8298e+10
754.12   8.3154e+10
754.42   8.3154e+10
754.73   8.3154e+10
755.04   -8.2599e+09
755.35   -8.2599e+09
755.66   -1.1962e+11
755.97   -4.4782e+11
756.28   -4.0044e+11
756.59   -3.7576e+11
756.9   -2.9686e+11
757.21   -2.1639e+10
757.51   -2.1639e+10
757.82   -2.1639e+10
758.13   -1.385e+11
758.44   -3.1216e+11
758.75   -3.1216e+11
759.06   -1.385e+11
759.37   -2.1639e+10
759.68   -1.385e+11
759.98   -2.5734e+11
760.29   -2.5734e+11
760.6   5.961e+10
760.91   -4.2554e+09
761.22   -9.0718e+10
761.53   2.2623e+11
761.83   2.2623e+11
762.14   -9.0718e+10
762.45   -3.859e+11
762.76   -7.6906e+11
763.07   -7.6906e+11
763.37   -7.6906e+11
763.68   -7.6906e+11
763.99   -7.6906e+11
764.3   -1.3382e+12
764.61   -1.3382e+12
764.91   -6.976e+11
765.22   4.1785e+10
765.53   4.1785e+10
765.84   4.1785e+10
766.14   4.1785e+10
766.45   -2.8398e+11
766.76   -2.8398e+11
767.06   -3.2672e+11
767.37   -1.3017e+11
767.68   -1.3017e+11
767.99   -3.2672e+11
768.29   -4.5781e+11
768.6   -3.0399e+11
768.91   1.4747e+09
769.21   3.8109e+11
769.52   3.8109e+11
769.83   3.8109e+11
770.13   3.8109e+11
770.44   3.8109e+11
770.75   2.483e+11
771.05   3.3971e+11
771.36   4.7249e+11
771.67   3.3971e+11
771.97   5.8899e+11
772.28   5.8899e+11
772.59   5.8899e+11
772.89   3.8845e+11
773.2   3.8845e+11
773.51   3.8845e+11
773.81   6.8336e+11
774.12   6.8336e+11
774.42   1.694e+11
774.73   -1.0166e+11
775.04   -1.0166e+11
775.34   -1.0166e+11
775.65   5.3121e+11
775.95   1.1326e+10
776.26   -3.4643e+10
776.57   -3.4643e+10
776.87   -1.3118e+12
777.18   -3.4643e+10
777.48   7.4081e+11
777.79   7.4081e+11
778.09   7.4081e+11
778.4   9.2413e+11
778.7   -5.7063e+10
779.01   -5.7063e+10
779.31   -5.7063e+10
779.62   -8.5089e+11
779.92   4.3592e+10
780.23   4.3592e+10
780.53   -8.5089e+11
780.84   9.1783e+10
781.14   -9.4984e+11
781.45   -9.4984e+11
781.75   9.1783e+10
782.06   3.0551e+11
782.36   1.0586e+12
782.67   1.22e+12
782.97   1.0586e+12
783.28   4.3033e+11
783.58   1.22e+12
783.89   4.3033e+11
784.19   1.22e+12
784.5   4.669e+11
784.8   4.669e+11
785.1   4.8493e+10
785.41   -1.4846e+12
785.71   -3.0876e+12
786.02   -3.6361e+12
786.32   -3.6361e+12
786.62   -4.6522e+12
786.93   -3.9228e+12
787.23   -3.9228e+12
787.53   -3.9228e+12
787.84   -3.9228e+12
788.14   -1.573e+12
788.45   -1.573e+12
788.75   -1.4431e+12
789.05   -1.3125e+11
789.36   1.7381e+11
789.66   1.7381e+11
789.96   1.7381e+11
790.27   5.9316e+11
790.57   1.8214e+11
790.87   -7.2782e+11
791.18   -7.2782e+11
791.48   -7.2782e+11
791.78   -7.2782e+11
792.09   -1.5371e+12
792.39   -1.5371e+12
792.69   -7.2782e+11
793   2.1554e+11
793.3   -7.2782e+11
793.6   -1.3808e+12
793.9   -8.6299e+11
794.21   -8.6299e+11
794.51   -8.6299e+11
794.81   1.1979e+10
795.12   1.1979e+10
795.42   -8.6299e+11
795.72   -8.6299e+11
796.02   -1.7137e+12
796.32   -1.7137e+12
796.63   -1.2643e+12
796.93   -7.6993e+11
797.23   -1.7698e+12
797.53   -5.5962e+11
797.84   -5.5962e+11
798.14   -5.5962e+11
798.44   -5.5962e+11
798.74   -5.8609e+11
799.04   1.2623e+11
799.35   1.2623e+11
799.65   0
799.95   0