200.34   0
200.72   0
201.1   0
201.48   0
201.85   0
202.23   0
202.61   0
202.99   -0
203.36   -0
203.74   0
204.12   0
204.5   0
204.87   0
205.25   0
205.63   0
206   0
206.38   0
206.76   0
207.13   0
207.51   0
207.89   0
208.27   0
208.64   0
209.02   0
209.4   0
209.77   0
210.15   0
210.53   0
210.9   0
211.28   2.2264e+10
211.66   4.4403e+11
212.03   9.1676e+11
212.41   1.2008e+12
212.79   9.1676e+11
213.16   9.1676e+11
213.54   1.0979e+12
213.92   1.0979e+12
214.29   1.0979e+12
214.67   1.0979e+12
215.04   8.1952e+11
215.42   8.1952e+11
215.8   6.0329e+11
216.17   6.0329e+11
216.55   6.0083e+11
216.93   9.2748e+11
217.3   5.6929e+11
217.68   5.6929e+11
218.06   1.0093e+12
218.43   6.3716e+11
218.81   9.8827e+11
219.18   9.8827e+11
219.56   1.3604e+12
219.93   9.8827e+11
220.31   1.4262e+12
220.69   1.4262e+12
221.06   1.4262e+12
221.44   1.5402e+12
221.81   1.4262e+12
222.19   1.4262e+12
222.56   1.3718e+12
222.94   9.4549e+11
223.32   5.2662e+11
223.69   7.4491e+11
224.07   5.3026e+11
224.44   4.0822e+11
224.82   2.9943e+11
225.19   5.3302e+10
225.57   5.3302e+10
225.94   5.3302e+10
226.32   2.9678e+11
226.69   4.0557e+11
227.07   4.0557e+11
227.44   2.9678e+11
227.82   2.9678e+11
228.19   1.4906e+11
228.57   4.3315e+11
228.94   4.8954e+11
229.32   4.8954e+11
229.69   1.8293e+11
230.07   1.8293e+11
230.44   1.8293e+11
230.82   1.8293e+11
231.19   1.8293e+11
231.57   1.8829e+11
231.94   4.949e+11
232.32   5.3276e+11
232.69   2.1181e+11
233.07   2.1181e+11
233.44   5.6344e+11
233.82   6.6682e+11
234.19   3.3781e+11
234.57   6.6682e+11
234.94   6.6682e+11
235.31   6.5557e+11
235.69   6.2035e+11
236.06   3.0901e+11
236.44   4.4886e+11
236.81   5.4685e+11
237.19   5.4685e+11
237.56   5.4685e+11
237.94   5.4685e+11
238.31   5.4685e+11
238.68   4.425e+11
239.06   4.425e+11
239.43   4.425e+11
239.81   4.425e+11
240.18   5.0164e+11
240.55   4.42e+11
240.93   2.8601e+11
241.3   2.8601e+11
241.67   2.8601e+11
242.05   2.8601e+11
242.42   3.2801e+11
242.8   2.3329e+11
243.17   2.3603e+11
243.54   2.3603e+11
243.92   1.9188e+11
244.29   2.3603e+11
244.66   3.5832e+11
245.04   3.5832e+11
245.41   4.4332e+11
245.78   3.5832e+11
246.16   3.4751e+11
246.53   4.0905e+11
246.9   4.0905e+11
247.28   4.2839e+11
247.65   4.2839e+11
248.02   4.0905e+11
248.4   4.0905e+11
248.77   4.0905e+11
249.14   3.8498e+11
249.52   3.8498e+11
249.89   3.8498e+11
250.26   3.2963e+11
250.63   4.181e+11
251.01   3.2963e+11
251.38   3.2721e+11
251.75   3.7586e+11
252.13   2.027e+11
252.5   2.027e+11
252.87   1.3405e+11
253.25   3.0108e+11
253.62   1.9764e+11
253.99   3.5104e+11
254.36   1.9764e+11
254.74   3.5104e+11
255.11   5.6142e+11
255.48   4.366e+11
255.85   4.4772e+11
256.23   4.2983e+11
256.6   4.2983e+11
256.97   4.2859e+11
257.34   4.2859e+11
257.71   3.5853e+11
258.09   4.2859e+11
258.46   4.0694e+11
258.83   4.0694e+11
259.2   3.985e+11
259.58   3.4675e+11
259.95   3.4675e+11
260.32   2.2119e+11
260.69   1.34e+11
261.06   3.0797e+11
261.44   3.0797e+11
261.81   2.2684e+11
262.18   2.2684e+11
262.55   2.2684e+11
262.92   1.7989e+11
263.3   2.2684e+11
263.67   2.2684e+11
264.04   2.2684e+11
264.41   2.2514e+11
264.78   2.2514e+11
265.15   2.661e+11
265.52   3.2674e+11
265.9   3.2674e+11
266.27   3.1413e+11
266.64   3.6096e+11
267.01   3.1413e+11
267.38   3.6096e+11
267.75   3.8303e+11
268.12   3.8303e+11
268.5   3.8303e+11
268.87   3.209e+11
269.24   3.209e+11
269.61   2.6388e+11
269.98   2.2538e+11
270.35   2.2538e+11
270.72   3.5175e+11
271.09   2.7317e+11
271.46   2.7317e+11
271.83   3.4955e+11
272.2   4.2813e+11
272.58   4.2813e+11
272.95   3.8889e+11
273.32   4.2813e+11
273.69   4.2813e+11
274.06   4.0573e+11
274.43   4.0573e+11
274.8   4.0573e+11
275.17   4.0573e+11
275.54   3.8818e+11
275.91   3.8818e+11
276.28   4.4132e+11
276.65   4.6861e+11
277.02   4.3231e+11
277.39   4.3231e+11
277.76   3.9271e+11
278.13   3.2124e+11
278.5   3.2124e+11
278.87   3.2124e+11
279.25   3.2124e+11
279.62   3.2124e+11
279.99   3.2124e+11
280.36   3.2124e+11
280.73   3.2454e+11
281.1   3.5184e+11
281.46   3.5184e+11
281.83   4.3137e+11
282.2   4.3137e+11
282.57   4.3137e+11
282.94   4.7192e+11
283.31   4.7192e+11
283.68   4.7192e+11
284.05   4.8227e+11
284.42   4.627e+11
284.79   3.3478e+11
285.16   4.627e+11
285.53   4.627e+11
285.9   4.627e+11
286.27   4.3757e+11
286.64   3.3522e+11
287.01   2.0909e+11
287.38   3.3522e+11
287.75   3.3522e+11
288.12   4.0281e+11
288.49   4.4978e+11
288.86   4.0281e+11
289.23   3.1651e+11
289.59   3.1651e+11
289.96   3.4703e+11
290.33   3.9749e+11
290.7   3.9749e+11
291.07   3.9749e+11
291.44   3.4872e+11
291.81   3.6338e+11
292.18   3.1291e+11
292.55   3.3412e+11
292.92   3.8289e+11
293.28   4.0146e+11
293.65   4.0146e+11
294.02   4.0146e+11
294.39   4.1404e+11
294.76   4.1254e+11
295.13   4.541e+11
295.5   4.8687e+11
295.86   5.1306e+11
296.23   5.1306e+11
296.6   5.1306e+11
296.97   5.1306e+11
297.34   5.1306e+11
297.71   4.7246e+11
298.07   4.7246e+11
298.44   4.6277e+11
298.81   3.871e+11
299.18   3.871e+11
299.55   2.9764e+11
299.92   3.2179e+11
300.28   1.9754e+11
300.65   9.2524e+10
301.02   1.4296e+11
301.39   9.6327e+10
301.75   2.5067e+11
302.12   2.5067e+11
302.49   2.5067e+11
302.86   1.3944e+11
303.23   4.0248e+09
303.59   4.0248e+09
303.96   1.4213e+11
304.33   1.6253e+11
304.7   5.1299e+10
305.06   1.6253e+11
305.43   5.1299e+10
305.8   5.1299e+10
306.17   3.8733e+10
306.53   1.694e+11
306.9   2.9252e+11
307.27   1.694e+11
307.64   1.98e+11
308   2.6574e+11
308.37   2.9868e+11
308.74   2.7557e+11
309.11   2.7557e+11
309.47   2.4011e+11
309.84   2.4011e+11
310.21   1.9458e+11
310.57   1.9458e+11
310.94   2.3013e+11
311.31   2.3013e+11
311.67   2.6156e+11
312.04   2.1753e+11
312.41   2.1753e+11
312.77   2.6156e+11
313.14   2.6156e+11
313.51   2.6156e+11
313.88   2.6363e+11
314.24   3.2843e+11
314.61   2.6363e+11
314.98   2.5024e+11
315.34   1.9591e+11
315.71   2.5024e+11
316.07   1.9591e+11
316.44   1.7904e+11
316.81   1.7904e+11
317.17   2.2979e+11
317.54   1.0675e+11
317.91   1.0675e+11
318.27   2.2979e+11
318.64   2.2979e+11
319   2.4885e+11
319.37   2.2856e+11
319.74   2.4546e+11
320.1   2.4885e+11
320.47   2.4546e+11
320.83   2.3371e+11
321.2   2.4546e+11
321.57   2.4546e+11
321.93   2.4546e+11
322.3   2.4546e+11
322.66   2.6171e+11
323.03   2.9476e+11
323.39   2.9476e+11
323.76   2.521e+11
324.13   2.9476e+11
324.49   2.9476e+11
324.86   2.1387e+11
325.22   1.6235e+11
325.59   1.1132e+11
325.95   1.5534e+11
326.32   1.5534e+11
326.69   8.4595e+10
327.05   1.5534e+11
327.42   2.5033e+11
327.78   1.5534e+11
328.15   2.1207e+11
328.51   2.5603e+11
328.88   2.917e+11
329.24   2.917e+11
329.61   2.7785e+11
329.97   2.4218e+11
330.34   2.4218e+11
330.7   1.8135e+11
331.07   1.8135e+11
331.43   1.8135e+11
331.8   1.5758e+11
332.16   1.2507e+11
332.52   9.1651e+10
332.89   9.1651e+10
333.25   1.2507e+11
333.62   1.5758e+11
333.98   1.5758e+11
334.35   1.8531e+11
334.71   1.3734e+11
335.08   1.8531e+11
335.44   2.0936e+11
335.81   2.0936e+11
336.17   2.0936e+11
336.54   1.9196e+11
336.9   2.5012e+11
337.26   2.012e+11
337.63   2.012e+11
337.99   2.012e+11
338.36   2.012e+11
338.72   1.6336e+11
339.08   1.6336e+11
339.45   2.012e+11
339.81   2.012e+11
340.18   1.8543e+11
340.54   1.8543e+11
340.9   1.4759e+11
341.27   1.5716e+11
341.63   7.7472e+10
342   1.2261e+11
342.36   1.2261e+11
342.72   1.2261e+11
343.09   3.4184e+10
343.45   3.4184e+10
343.81   3.2372e+10
344.18   3.2372e+10
344.54   3.2372e+10
344.9   3.2372e+10
345.27   1.3293e+11
345.63   7.4968e+10
345.99   1.8166e+11
346.36   7.4968e+10
346.72   1.6125e+11
347.08   1.6125e+11
347.45   1.6125e+11
347.81   6.3576e+10
348.17   6.3576e+10
348.54   6.3576e+10
348.9   6.3576e+10
349.26   1.766e+11
349.62   1.4122e+11
349.99   1.4122e+11
350.35   1.289e+11
350.71   6.2321e+10
351.08   9.0445e+10
351.44   9.0445e+10
351.8   9.0445e+10
352.16   5.2836e+10
352.53   3.2231e+10
352.89   6.934e+09
353.25   6.934e+09
353.61   6.934e+09
353.98   3.2231e+10
354.34   5.0343e+10
354.7   3.2231e+10
355.06   5.0343e+10
355.43   1.4165e+11
355.79   1.7064e+11
356.15   2.3551e+11
356.51   2.3551e+11
356.88   2.3551e+11
357.24   2.6225e+11
357.6   2.1068e+11
357.96   1.4869e+11
358.32   1.4869e+11
358.69   1.1942e+11
359.05   1.1942e+11
359.41   6.5536e+10
359.77   -2.5218e+10
360.13   -2.5218e+10
360.49   -2.5218e+10
360.86   -2.5218e+10
361.22   -2.9974e+10
361.58   6.5536e+10
361.94   1.6573e+11
362.3   1.5424e+11
362.66   2.2555e+10
363.03   1.5424e+11
363.39   1.5424e+11
363.75   3.1453e+10
364.11   3.1453e+10
364.47   3.1453e+10
364.83   8.0073e+10
365.19   4.3197e+09
365.56   4.3197e+09
365.92   -8.6417e+09
366.28   3.9979e+10
366.64   -8.6417e+09
367   3.9979e+10
367.36   5.5426e+10
367.72   5.5426e+10
368.08   5.2329e+10
368.44   5.4815e+10
368.8   1.0183e+11
369.17   8.7155e+10
369.53   1.0522e+11
369.89   1.3107e+11
370.25   1.3107e+11
370.61   1.3107e+11
370.97   1.0522e+11
371.33   1.3107e+11
371.69   1.3107e+11
372.05   1.3107e+11
372.41   1.3138e+11
372.77   1.202e+11
373.13   1.7229e+11
373.49   9.7978e+10
373.85   9.7978e+10
374.21   7.4682e+10
374.57   1.1435e+11
374.93   6.981e+10
375.29   1.0008e+11
375.65   1.0008e+11
376.01   6.981e+10
376.37   1.0008e+11
376.73   1.0008e+11
377.09   1.1466e+11
377.45   1.1466e+11
377.81   1.1466e+11
378.17   -1.9132e+10
378.53   9.4556e+09
378.89   9.2147e+09
379.25   9.2147e+09
379.61   1.0941e+11
379.97   9.2147e+09
380.33   9.2147e+09
380.69   -9.5579e+10
381.05   -9.5579e+10
381.41   9.2147e+09
381.77   3.1557e+10
382.13   1.0021e+11
382.49   3.1851e+10
382.85   3.1851e+10
383.21   3.1851e+10
383.57   3.1851e+10
383.93   -1.9755e+08
384.29   8.1374e+10
384.64   1.1243e+11
385   6.7463e+10
385.36   6.7463e+10
385.72   4.9878e+10
386.08   6.2467e+10
386.44   4.8992e+10
386.8   3.3607e+10
387.16   4.8992e+10
387.52   6.2467e+10
387.88   6.2467e+10
388.23   5.914e+10
388.59   6.2467e+10
388.95   8.2191e+10
389.31   1.0304e+11
389.67   1.2782e+11
390.03   1.2782e+11
390.38   1.6738e+11
390.74   1.6738e+11
391.1   1.9259e+11
391.46   1.9259e+11
391.82   1.9259e+11
392.18   1.9259e+11
392.54   1.9259e+11
392.89   1.5347e+11
393.25   1.5347e+11
393.61   2.0208e+11
393.97   1.8852e+11
394.33   1.5137e+11
394.68   1.1632e+11
395.04   1.5137e+11
395.4   1.5137e+11
395.76   1.6482e+11
396.12   1.418e+11
396.47   1.418e+11
396.83   1.418e+11
397.19   1.418e+11
397.55   1.418e+11
397.9   1.418e+11
398.26   1.418e+11
398.62   1.2887e+11
398.98   1.2887e+11
399.33   9.9643e+10
399.69   3.0195e+10
400.05   -1.3065e+09
400.41   -1.3065e+09
400.76   -1.3065e+09
401.12   -1.3065e+09
401.48   2.5405e+09
401.84   1.49e+10
402.19   3.2574e+10
402.55   3.2574e+10
402.91   6.6689e+10
403.26   9.9803e+10
403.62   1.0856e+11
403.98   1.0856e+11
404.34   1.171e+11
404.69   1.2413e+11
405.05   1.2994e+11
405.41   1.2994e+11
405.76   1.5494e+11
406.12   1.5494e+11
406.48   1.2994e+11
406.83   1.2138e+11
407.19   3.8391e+10
407.55   3.8391e+10
407.9   -6.889e+09
408.26   -6.889e+09
408.62   -6.889e+09
408.97   -6.889e+09
409.33   -6.0954e+10
409.69   -8.8899e+09
410.04   -8.8899e+09
410.4   6.7584e+10
410.75   1.1146e+11
411.11   1.1146e+11
411.47   1.1146e+11
411.82   1.009e+11
412.18   7.7655e+10
412.53   8.8557e+10
412.89   1.3782e+11
413.25   1.3782e+11
413.6   1.8859e+11
413.96   1.6973e+11
414.31   1.1895e+11
414.67   1.6973e+11
415.02   1.6973e+11
415.38   2.2594e+11
415.74   2.2594e+11
416.09   1.8232e+11
416.45   1.0809e+11
416.8   1.0809e+11
417.16   8.058e+10
417.51   8.058e+10
417.87   1.1561e+11
418.23   7.9981e+10
418.58   7.9981e+10
418.94   6.4398e+10
419.29   5.4988e+10
419.65   5.4988e+10
420   5.9154e+10
420.36   3.9674e+10
420.71   5.9154e+10
421.07   5.9154e+10
421.42   3.9674e+10
421.78   5.9154e+10
422.13   6.8238e+10
422.49   9.2877e+10
422.84   9.2877e+10
423.2   9.2877e+10
423.55   6.3207e+10
423.91   9.2511e+10
424.26   8.6483e+10
424.62   8.6483e+10
424.97   8.6483e+10
425.32   2.4952e+10
425.68   -5.9888e+10
426.03   -5.9888e+10
426.39   2.3065e+10
426.74   2.3065e+10
427.1   7.3208e+10
427.45   4.8751e+10
427.81   4.8751e+10
428.16   3.1559e+10
428.51   3.1559e+10
428.87   4.8751e+10
429.22   7.3208e+10
429.58   7.3208e+10
429.93   8.3325e+10
430.28   8.3325e+10
430.64   5.8868e+10
430.99   4.6328e+10
431.35   4.6328e+10
431.7   3.4974e+10
432.05   1.0184e+11
432.41   7.2002e+10
432.76   1.418e+10
433.11   -5.0022e+10
433.47   -6.9884e+10
433.82   -6.9884e+10
434.18   -6.9884e+10
434.53   6.1648e+09
434.88   1.0724e+11
435.24   1.445e+11
435.59   1.0724e+11
435.94   3.119e+10
436.3   1.1674e+11
436.65   1.2611e+11
437   1.32e+11
437.36   1.14e+11
437.71   1.14e+11
438.06   1.14e+11
438.41   9.8739e+10
438.77   8.3614e+10
439.12   9.8739e+10
439.47   9.8739e+10
439.83   9.2981e+10
440.18   9.7488e+10
440.53   5.946e+10
440.88   5.946e+10
441.24   1.0171e+10
441.59   1.0171e+10
441.94   1.0171e+10
442.3   1.0171e+10
442.65   -8.6784e+10
443   -6.0992e+08
443.35   -6.0992e+08
443.7   -6.0992e+08
444.06   -2.5563e+10
444.41   -7.6355e+10
444.76   -5.4516e+09
445.11   -7.6355e+10
445.47   -2.7109e+10
445.82   -2.7109e+10
446.17   -2.1557e+09
446.52   1.6713e+10
446.88   1.6713e+10
447.23   -2.7109e+10
447.58   -6.3285e+10
447.93   -6.3285e+10
448.28   -9.0087e+10
448.63   -5.0614e+10
448.99   -1.0088e+10
449.34   -1.0088e+10
449.69   -8.7429e+10
450.04   -1.001e+11
450.39   -8.7429e+10
450.75   -8.7429e+10
451.1   -8.2431e+10
451.45   -7.2322e+10
451.8   -5.8126e+10
452.15   -5.8126e+10
452.5   -5.8126e+10
452.85   -7.1013e+10
453.2   -5.8126e+10
453.56   -5.8126e+10
453.91   1.7823e+09
454.26   5.528e+10
454.61   5.528e+10
454.96   5.528e+10
455.31   6.3595e+10
455.66   6.3595e+10
456.01   6.3595e+10
456.37   6.3595e+10
456.72   7.169e+10
457.07   7.169e+10
457.42   6.6067e+10
457.77   4.3756e+10
458.12   6.7557e+10
458.47   3.7152e+10
458.82   3.7152e+10
459.17   3.7152e+10
459.52   3.7152e+10
459.87   3.7152e+10
460.22   3.7152e+10
460.57   3.8862e+10
460.92   3.8862e+10
461.27   3.8862e+10
461.62   2.2419e+09
461.97   2.2419e+09
462.32   -4.3329e+10
462.68   -1.0382e+11
463.02   -1.0382e+11
463.38   -1.0382e+11
463.73   -1.2151e+11
464.07   -1.2151e+11
464.43   -1.2151e+11
464.77   -9.2059e+10
465.12   -6.3113e+10
465.48   -4.8617e+10
465.82   -8.9077e+09
466.17   8.657e+10
466.52   9.6697e+10
466.87   3.7688e+10
467.22   3.7688e+10
467.57   6.6485e+10
467.92   1.1537e+11
468.27   6.6485e+10
468.62   6.6485e+10
468.97   6.6485e+10
469.32   6.6485e+10
469.67   6.6485e+10
470.02   1.167e+09
470.37   5.9097e+10
470.72   5.9097e+10
471.07   1.8215e+10
471.42   -3.4074e+10
471.76   1.8215e+10
472.11   4.8025e+10
472.46   4.8025e+10
472.81   4.6568e+10
473.16   4.6568e+10
473.51   6.1554e+10
473.86   6.1554e+10
474.21   6.1554e+10
474.56   6.9268e+10
474.9   6.9268e+10
475.25   6.7811e+10
475.6   -7.1751e+09
475.95   -8.7527e+10
476.3   -8.7527e+10
476.65   -1.1372e+11
477   -1.1372e+11
477.35   -8.7527e+10
477.69   -3.9057e+10
478.04   -1.1372e+11
478.39   -3.9057e+10
478.74   9.9427e+09
479.09   9.9427e+09
479.43   9.9427e+09
479.78   -1.0346e+10
480.13   -1.0346e+10
480.48   -1.9604e+10
480.83   -2.2203e+10
481.18   -2.4307e+10
481.52   -2.4307e+10
481.87   -2.4307e+10
482.22   -2.4307e+10
482.57   -2.2203e+10
482.91   -2.2203e+10
483.26   -2.6646e+10
483.61   -2.6646e+10
483.96   -4.1245e+10
484.3   -1.8181e+10
484.65   1.3987e+10
485   1.3987e+10
485.35   -2.1248e+10
485.69   -2.1248e+10
486.04   5.9529e+09
486.39   5.1809e+10
486.74   5.1809e+10
487.08   4.4554e+10
487.43   4.4554e+10
487.78   4.4554e+10
488.12   4.4554e+10
488.47   5.8035e+10
488.82   6.4979e+10
489.17   6.4979e+10
489.51   5.7958e+10
489.86   4.4478e+10
490.21   4.4478e+10
490.55   4.097e+10
490.9   4.1963e+10
491.25   2.7515e+10
491.59   2.7515e+10
491.94   2.7515e+10
492.29   2.7515e+10
492.63   3.6074e+10
492.98   3.6074e+10
493.33   3.6074e+10
493.67   4.3992e+10
494.02   4.3992e+10
494.37   4.3992e+10
494.71   4.3992e+10
495.06   3.9511e+10
495.4   3.0911e+10
495.75   2.6427e+10
496.1   -3.7399e+09
496.44   -5.5559e+10
496.79   -5.5559e+10
497.13   -8.6194e+10
497.48   -8.6194e+10
497.83   -8.6194e+10
498.17   -6.7121e+10
498.52   -6.7121e+10
498.86   -4.4752e+10
499.21   -1.5951e+10
499.56   -1.5951e+10
499.9   2.9279e+10
500.25   -1.5951e+10
500.59   2.9279e+10
500.94   4.8312e+10
501.28   4.8312e+10
501.63   4.8312e+10
501.97   3.0652e+10
502.32   3.0652e+10
502.67   3.0652e+10
503.01   3.0652e+10
503.36   2.5835e+10
503.7   2.5835e+10
504.05   2.5835e+10
504.39   1.9264e+10
504.74   2.0587e+10
505.08   2.7586e+10
505.43   5.2539e+10
505.77   8.879e+10
506.12   1.1389e+11
506.46   1.1819e+11
506.81   1.1819e+11
507.15   1.1819e+11
507.5   1.1819e+11
507.84   1.2321e+11
508.18   1.1978e+11
508.53   1.1571e+11
508.87   6.6101e+10
509.22   6.6101e+10
509.56   1.167e+10
509.91   1.167e+10
510.25   1.167e+10
510.6   1.167e+10
510.94   1.167e+10
511.28   7.0557e+09
511.63   5.4602e+09
511.97   -1.1965e+10
512.32   -1.1965e+10
512.66   -3.0943e+10
513   -3.0943e+10
513.35   -3.0943e+10
513.69   -1.1965e+10
514.04   5.4602e+09
514.38   1.4167e+10
514.72   1.3884e+10
515.07   1.3884e+10
515.41   3.332e+10
515.75   3.332e+10
516.1   3.332e+10
516.44   5.1416e+10
516.79   6.7772e+10
517.13   5.1416e+10
517.47   2.4117e+10
517.82   3.1979e+10
518.16   3.0808e+10
518.5   3.0808e+10
518.85   3.0808e+10
519.19   3.2067e+10
519.53   1.7094e+10
519.88   1.7094e+10
520.22   -2.8888e+10
520.56   -1.3732e+10
520.9   3.0756e+10
521.25   9.4015e+09
521.59   9.4015e+09
521.93   4.0011e+10
522.28   3.9438e+10
522.62   9.4015e+09
522.96   9.4015e+09
523.3   -2.0876e+10
523.65   9.4015e+09
523.99   -5.6019e+09
524.33   -5.6019e+09
524.67   -2.2147e+10
525.02   2.2893e+10
525.36   -2.2147e+10
525.7   -2.2147e+10
526.04   -2.2147e+10
526.39   3.1285e+09
526.73   2.6769e+10
527.07   1.1578e+10
527.41   2.6769e+10
527.76   1.1578e+10
528.1   2.6769e+10
528.44   1.1578e+10
528.78   1.1578e+10
529.12   1.1935e+09
529.47   1.1578e+10
529.81   2.4698e+10
530.15   2.4698e+10
530.49   5.0566e+10
530.83   2.3426e+10
531.18   2.3426e+10
531.52   2.7061e+10
531.86   6.3771e+10
532.2   8.0184e+10
532.54   8.0184e+10
532.88   8.8927e+10
533.23   7.0615e+10
533.57   3.5364e+10
533.91   5.1777e+10
534.25   5.1777e+10
534.59   5.1777e+10
534.93   5.1777e+10
535.27   3.6794e+10
535.61   3.6794e+10
535.96   7.3358e+10
536.3   7.3358e+10
536.64   7.3358e+10
536.98   8.8633e+10
537.32   7.2337e+10
537.66   7.2337e+10
538   8.8633e+10
538.34   9.2578e+10
538.68   9.2578e+10
539.02   5.6451e+10
539.36   4.7316e+10
539.7   4.7316e+10
540.04   4.7316e+10
540.38   1.5629e+10
540.73   2.8488e+10
541.07   5.0513e+10
541.41   5.0513e+10
541.75   3.9829e+10
542.09   5.8657e+10
542.43   5.8657e+10
542.77   3.9829e+10
543.11   3.9829e+10
543.45   6.4076e+10
543.79   6.4076e+10
544.13   6.4076e+10
544.47   6.8607e+10
544.81   6.0327e+10
545.15   8.0962e+10
545.49   8.0962e+10
545.83   8.0962e+10
546.17   1.1135e+11
546.51   8.0962e+10
546.85   5.9672e+10
547.19   7.8548e+10
547.53   8.2839e+10
547.87   8.2839e+10
548.21   1.0352e+11
548.54   1.0352e+11
548.88   8.2839e+10
549.22   1.0173e+11
549.56   8.2839e+10
549.9   1.0173e+11
550.24   1.0173e+11
550.58   1.0016e+11
550.92   9.6664e+10
551.26   4.5231e+10
551.6   4.5231e+10
551.94   4.5231e+10
552.28   4.8995e+10
552.62   1.0069e+10
552.95   1.0069e+10
553.29   1.0069e+10
553.63   1.0069e+10
553.97   1.0069e+10
554.31   1.0069e+10
554.65   5.1744e+10
554.99   5.1744e+10
555.33   2.698e+10
555.66   4.3574e+10
556   4.3574e+10
556.34   4.3574e+10
556.68   4.3574e+10
557.02   4.3574e+10
557.36   1.3589e+10
557.69   1.864e+10
558.03   1.9837e+09
558.37   1.9837e+09
558.71   -1.8001e+10
559.05   -1.8001e+10
559.38   -3.6157e+10
559.72   -1.295e+10
560.06   -3.6157e+10
560.4   -1.295e+10
560.74   1.4633e+10
561.07   -5.3517e+09
561.41   -8.5735e+09
561.75   -8.5735e+09
562.09   4.5121e+10
562.42   2.7488e+10
562.76   2.7488e+10
563.1   5.0377e+10
563.44   5.0377e+10
563.77   5.3392e+10
564.11   5.3392e+10
564.45   5.6809e+10
564.79   7.4825e+10
565.12   5.6809e+10
565.46   5.6809e+10
565.8   7.4825e+10
566.14   7.4825e+10
566.47   7.5782e+10
566.81   1.2266e+11
567.15   1.2249e+11
567.48   1.876e+11
567.82   2.1601e+11
568.16   2.1601e+11
568.5   2.1601e+11
568.83   1.7932e+11
569.17   1.0134e+11
569.5   1.0134e+11
569.84   1.0134e+11
570.18   6.6799e+10
570.51   1.1828e+11
570.85   1.1828e+11
571.19   4.4706e+10
571.52   8.1027e+08
571.86   4.4706e+10
572.2   1.3612e+11
572.53   1.3612e+11
572.87   1.6606e+11
573.21   1.2962e+11
573.54   1.6949e+11
573.88   1.6949e+11
574.21   1.4752e+11
574.55   1.734e+11
574.89   2.0017e+11
575.22   1.8795e+11
575.56   1.759e+11
575.89   1.759e+11
576.23   1.759e+11
576.57   1.759e+11
576.9   1.7017e+11
577.24   1.6026e+11
577.57   1.3183e+11
577.91   1.3183e+11
578.24   1.0485e+11
578.58   1.0485e+11
578.91   1.0485e+11
579.25   1.1543e+11
579.59   1.218e+11
579.92   1.218e+11
580.26   1.218e+11
580.59   1.5076e+11
580.93   1.5076e+11
581.26   1.5076e+11
581.6   1.9938e+11
581.93   1.9938e+11
582.27   1.9938e+11
582.6   2.1025e+11
582.94   2.1025e+11
583.27   2.3006e+11
583.61   2.3006e+11
583.94   2.1521e+11
584.27   2.1521e+11
584.61   1.4672e+11
584.95   9.2488e+10
585.28   7.5598e+10
585.61   7.5598e+10
585.95   1.4711e+10
586.28   -4.7148e+10
586.62   -4.7148e+10
586.95   1.4711e+10
587.29   2.604e+10
587.62   8.8353e+10
587.95   1.0698e+11
588.29   1.4482e+11
588.62   1.8108e+11
588.96   1.6079e+11
589.29   2.058e+11
589.62   2.058e+11
589.96   1.6079e+11
590.29   1.2453e+11
590.63   1.4e+11
590.96   1.8614e+11
591.29   1.6199e+11
591.63   1.4e+11
591.96   1.2083e+11
592.29   6.6453e+10
592.63   6.6453e+10
592.96   8.563e+10
593.29   1.6199e+11
593.63   1.6199e+11
593.96   1.7606e+11
594.3   1.7606e+11
594.63   1.8833e+11
594.96   1.8833e+11
595.29   1.8833e+11
595.63   2.1042e+11
595.96   1.9984e+11
596.29   1.8833e+11
596.63   1.8502e+11
596.96   1.8502e+11
597.29   1.7326e+11
597.63   1.5827e+11
597.96   1.5827e+11
598.29   1.7326e+11
598.62   1.7785e+11
598.96   1.7785e+11
599.29   1.6167e+11
599.62   1.6285e+11
599.96   2.2105e+11
600.29   2.2105e+11
600.62   2.2105e+11
600.95   2.702e+11
601.29   2.2818e+11
601.62   1.6188e+11
601.95   1.6111e+11
602.28   1.4138e+11
602.62   1.2087e+11
602.95   1.2087e+11
603.28   1.2087e+11
603.61   1.5776e+11
603.94   1.907e+11
604.27   1.4988e+11
604.61   1.8528e+11
604.94   1.8528e+11
605.27   1.9848e+11
605.6   2.1228e+11
605.93   2.1228e+11
606.27   2.1378e+11
606.6   1.9848e+11
606.93   1.9263e+11
607.26   1.7891e+11
607.59   1.9263e+11
607.92   2.0793e+11
608.25   2.0793e+11
608.59   1.7891e+11
608.92   1.6328e+11
609.25   1.7891e+11
609.58   1.6328e+11
609.91   1.7891e+11
610.24   1.8521e+11
610.57   1.8288e+11
610.9   1.8288e+11
611.24   1.6024e+11
611.57   8.7103e+10
611.9   1.0974e+11
612.23   2.4043e+11
612.56   2.7874e+11
612.89   2.7874e+11
613.22   2.6861e+11
613.55   1.9962e+11
613.88   2.6861e+11
614.21   1.9962e+11
614.54   2.6343e+11
614.87   2.7088e+11
615.2   2.6343e+11
615.53   2.3437e+11
615.87   2.3437e+11
616.2   2.0288e+11
616.53   2.3664e+11
616.86   2.7993e+11
617.19   2.7993e+11
617.52   2.8622e+11
617.85   2.8622e+11
618.18   2.4294e+11
618.51   2.4294e+11
618.84   2.3824e+11
619.17   1.8537e+11
619.5   1.5625e+11
619.83   1.1934e+11
620.16   1.1934e+11
620.49   8.2966e+10
620.82   8.2966e+10
621.14   4.8967e+10
621.47   -5.6393e+10
621.8   -5.6393e+10
622.13   -2.2395e+10
622.46   -5.4687e+10
622.79   7.38e+10
623.12   1.1015e+11
623.45   1.1015e+11
623.78   1.1015e+11
624.11   1.2607e+11
624.44   1.7605e+11
624.77   2.3381e+11
625.1   1.7605e+11
625.42   1.6366e+11
625.75   2.3381e+11
626.08   1.6366e+11
626.41   1.6366e+11
626.74   1.9722e+11
627.07   2.7931e+11
627.4   1.9722e+11
627.73   1.1279e+11
628.06   1.1279e+11
628.38   1.9487e+11
628.71   3.1593e+11
629.04   1.9487e+11
629.37   1.9487e+11
629.7   3.1681e+11
630.03   2.0062e+11
630.36   2.0689e+11
630.68   3.6149e+11
631.01   3.6149e+11
631.34   2.0689e+11
631.67   4.5563e+10
632   3.2591e+10
632.32   3.2591e+10
632.65   1.0655e+11
632.98   3.2591e+10
633.31   1.0655e+11
633.64   3.2591e+10
633.96   3.2591e+10
634.29   3.2591e+10
634.62   4.9806e+10
634.95   6.0002e+10
635.27   1.1755e+11
635.6   1.1755e+11
635.93   1.1826e+11
636.26   1.1826e+11
636.58   6.0002e+10
636.91   1.1826e+11
637.24   1.1746e+11
637.57   1.9615e+11
637.89   1.9615e+11
638.22   2.3774e+11
638.55   2.5051e+11
638.88   2.5051e+11
639.2   2.2885e+11
639.53   2.2885e+11
639.86   2.2885e+11
640.18   2.1297e+11
640.51   2.2885e+11
640.84   2.2885e+11
641.16   2.1297e+11
641.49   1.9133e+11
641.82   1.4393e+11
642.14   1.4393e+11
642.47   1.3483e+11
642.8   1.8114e+11
643.12   1.8114e+11
643.45   1.8114e+11
643.78   1.8114e+11
644.1   1.3483e+11
644.43   1.8114e+11
644.75   1.4367e+11
645.08   1.8464e+11
645.41   2.1585e+11
645.73   2.7942e+11
646.06   2.7942e+11
646.38   2.1585e+11
646.71   2.1585e+11
647.04   2.1585e+11
647.36   2.1585e+11
647.69   1.3495e+11
648.01   2.0639e+11
648.34   2.4295e+11
648.67   3.1041e+11
648.99   2.876e+11
649.32   1.6205e+11
649.64   1.6205e+11
649.97   1.597e+11
650.29   1.597e+11
650.62   1.597e+11
650.94   1.8592e+11
651.27   2.0682e+11
651.6   1.8875e+11
651.92   1.1213e+11
652.25   1.1213e+11
652.57   1.8875e+11
652.89   2.4246e+11
653.22   2.4246e+11
653.54   2.4246e+11
653.87   2.5585e+11
654.2   2.5585e+11
654.52   2.4246e+11
654.85   1.8935e+11
655.17   1.8935e+11
655.49   1.2713e+11
655.82   1.2713e+11
656.14   1.2713e+11
656.47   1.2713e+11
656.79   1.2713e+11
657.12   1.2713e+11
657.44   1.2713e+11
657.77   1.6035e+11
658.09   1.6347e+11
658.41   2.1628e+11
658.74   2.2937e+11
659.06   2.2937e+11
659.39   2.2937e+11
659.71   2.2937e+11
660.03   1.7657e+11
660.36   1.7657e+11
660.68   1.7657e+11
661.01   -2.9164e+10
661.33   7.791e+09
661.65   -6.702e+10
661.98   -6.702e+10
662.3   -6.702e+10
662.62   -5.3845e+10
662.95   1.3827e+11
663.27   2.7793e+11
663.6   2.7793e+11
663.92   3.7726e+11
664.24   3.7726e+11
664.57   3.7726e+11
664.89   3.7726e+11
665.21   3.4117e+11
665.54   3.2911e+11
665.86   3.2911e+11
666.18   3.0603e+11
666.5   2.8468e+11
666.83   2.8468e+11
667.15   2.3316e+11
667.47   1.9256e+11
667.8   1.7807e+11
668.12   1.285e+11
668.44   1.7667e+11
668.76   1.285e+11
669.09   1.7667e+11
669.41   1.7667e+11
669.73   1.3941e+11
670.06   1.3941e+11
670.38   1.3941e+11
670.7   1.1379e+11
671.02   1.1379e+11
671.35   1.1754e+11
671.67   8.618e+10
671.99   1.1754e+11
672.31   1.1008e+11
672.63   8.618e+10
672.96   1.1008e+11
673.28   1.1008e+11
673.6   1.1008e+11
673.92   1.1008e+11
674.24   1.1008e+11
674.57   7.2224e+10
674.89   7.2224e+10
675.21   7.2224e+10
675.53   -4.8605e+10
675.85   -1.0758e+11
676.17   -1.7874e+11
676.5   -1.7874e+11
676.82   -1.0758e+11
677.14   -1.0758e+11
677.46   4.4053e+10
677.78   2.0437e+11
678.1   2.0437e+11
678.42   9.4773e+10
678.75   2.0437e+11
679.07   2.0437e+11
679.39   2.6333e+11
679.71   2.0437e+11
680.03   2.6333e+11
680.35   2.2554e+11
680.67   1.473e+11
680.99   1.473e+11
681.31   2.6903e+11
681.63   4.1831e+11
681.96   3.6315e+11
682.28   3.6315e+11
682.6   2.4142e+11
682.92   1.0984e+11
683.24   1.0984e+11
683.56   3.5573e+11
683.88   3.5573e+11
684.2   2.3936e+11
684.52   2.9646e+10
684.84   -7.4563e+10
685.16   -9.9878e+10
685.48   -7.4563e+10
685.8   3.6133e+10
686.12   2.224e+11
686.44   1.9283e+11
686.76   1.5184e+11
687.08   4.7634e+10
687.4   4.7634e+10
687.72   4.7634e+10
688.04   1.8828e+11
688.36   2.2927e+11
688.68   2.2927e+11
689   2.2525e+11
689.32   1.8828e+11
689.64   1.7494e+11
689.96   -9.4068e+10
690.28   1.9987e+11
690.6   2.2525e+11
690.92   2.527e+11
691.24   2.527e+11
691.56   2.1191e+11
691.88   1.6317e+11
692.19   1.6317e+11
692.51   1.6317e+11
692.83   8.2863e+10
693.15   8.2863e+10
693.47   8.2863e+10
693.79   -4.7926e+10
694.11   -4.7926e+10
694.43   -1.135e+09
694.75   -7.3746e+10
695.07   -7.3746e+10
695.38   -7.3746e+10
695.7   -7.3746e+10
696.02   -7.3746e+10
696.34   -7.3746e+10
696.66   -1.2054e+11
696.98   -1.2835e+11
697.29   -1.2835e+11
697.61   -1.2835e+11
697.93   -7.7273e+10
698.25   -7.7273e+10
698.57   1.6482e+10
698.89   1.6482e+10
699.2   1.6482e+10
699.52   1.7385e+11
699.84   1.7385e+11
700.16   1.7385e+11
700.48   2.9811e+11
700.79   -2.6907e+09
701.11   -2.3091e+11
701.43   -6.8687e+10
701.75   -2.3091e+11
702.07   -3.4227e+11
702.38   -2.3091e+11
702.7   -2.3091e+11
703.02   -6.8687e+10
703.34   1.7021e+11
703.65   -6.8687e+10
703.97   8.0716e+10
704.29   8.0716e+10
704.61   -7.2989e+10
704.92   2.0556e+11
705.24   4.3104e+11
705.56   3.4155e+11
705.87   3.4155e+11
706.19   3.7505e+11
706.51   2.2685e+10
706.83   3.7505e+11
707.14   3.9944e+11
707.46   3.9944e+11
707.77   3.9944e+11
708.09   2.6815e+11
708.41   5.9438e+10
708.73   5.9438e+10
709.04   -5.8337e+10
709.36   -5.8337e+10
709.67   5.9438e+10
709.99   -7.3082e+10
710.31   -7.3082e+10
710.62   1.3696e+11
710.94   1.3696e+11
711.26   1.3097e+11
711.57   8.7092e+10
711.89   1.0314e+11
712.21   1.0314e+11
712.52   1.0314e+11
712.84   1.0314e+11
713.15   3.139e+11
713.47   1.0314e+11
713.78   1.0314e+11
714.1   4.531e+11
714.42   5.5866e+11
714.73   5.5866e+11
715.05   5.5866e+11
715.36   5.5866e+11
715.68   3.1977e+11
716   6.0071e+10
716.31   -3.1913e+10
716.63   -3.1913e+10
716.94   -3.1913e+10
717.26   -4.3739e+11
717.57   -4.3739e+11
717.89   -8.4992e+11
718.2   -8.4992e+11
718.52   -8.4992e+11
718.83   -8.4992e+11
719.15   -5.7586e+11
719.46   -5.8965e+10
719.78   2.421e+11
720.09   5.3491e+10
720.41   2.8027e+11
720.72   3.676e+11
721.04   4.6918e+11
721.35   4.6918e+11
721.67   4.6918e+11
721.98   3.9673e+11
722.29   3.9673e+11
722.61   3.4651e+11
722.92   3.1738e+11
723.24   3.4651e+11
723.55   3.4651e+11
723.87   3.4651e+11
724.18   3.4651e+11
724.5   3.4651e+11
724.81   3.6464e+11
725.12   5.1773e+11
725.44   3.2826e+11
725.75   3.2826e+11
726.07   3.2826e+11
726.38   3.2826e+11
726.69   3.1329e+11
727.01   3.1329e+11
727.32   2.2998e+11
727.63   3.1001e+11
727.95   2.6988e+11
728.26   2.6988e+11
728.58   2.6988e+11
728.89   2.6988e+11
729.2   2.2066e+11
729.52   6.3905e+09
729.83   6.3905e+09
730.14   6.3905e+09
730.46   2.2066e+11
730.77   6.3905e+09
731.08   -3.1049e+11
731.39   -3.1049e+11
731.71   -3.1049e+11
732.02   -5.7448e+11
732.33   -8.2275e+11
732.65   -8.2275e+11
732.96   -7.5378e+11
733.27   -7.5378e+11
733.59   -1.5461e+12
733.9   -1.5461e+12
734.21   -3.717e+11
734.52   -5.2084e+11
734.84   1.0952e+11
735.15   1.0952e+11
735.46   1.6057e+11
735.77   2.7769e+11
736.09   1.6057e+11
736.4   1.6057e+11
736.71   4.9042e+11
737.02   7.416e+11
737.33   3.9233e+11
737.65   6.0293e+11
737.96   6.0293e+11
738.27   7.974e+11
738.58   7.974e+11
738.89   6.0293e+11
739.21   6.0293e+11
739.52   6.7814e+11
739.83   4.5857e+11
740.14   3.1896e+11
740.45   3.1896e+11
740.76   3.1836e+11
741.08   4.2753e+10
741.39   -4.9008e+10
741.7   1.127e+11
742.01   -4.9008e+10
742.32   2.266e+11
742.63   -1.5512e+11
742.94   -3.5596e+11
743.25   -1.5512e+11
743.57   -1.7991e+11
743.88   -1.7991e+11
744.19   2.362e+11
744.5   3.5355e+10
744.81   -5.225e+11
745.12   3.5355e+10
745.43   -6.6642e+11
745.74   3.5355e+10
746.05   4.6349e+11
746.36   4.6349e+11
746.67   4.6349e+11
746.99   4.3821e+11
747.3   9.4381e+10
747.61   9.4381e+10
747.92   3.425e+11
748.23   3.425e+11
748.54   3.425e+11
748.85   1.9153e+11
749.16   -5.6596e+10
749.47   -3.8341e+11
749.78   -6.5832e+11
750.09   -6.5832e+11
750.4   -6.6992e+11
750.71   -2.1541e+11
751.02   -3.2305e+11
751.33   -6.6992e+11
751.64   -3.2305e+11
751.95   -3.2305e+11
752.26   -3.2305e+11
752.57   5.151e+10
752.88   3.2461e+11
753.19   5.151e+10
753.5   3.2461e+11
753.8   5.151e+10
754.12   -2.8739e+11
754.42   -2.8739e+11
754.73   -1.5807e+11
755.04   -7.5312e+11
755.35   -7.5312e+11
755.66   -1.0292e+12
755.97   -1.0292e+12
756.28   -7.5312e+11
756.59   -7.8261e+11
756.9   -7.6566e+11
757.21   -7.6566e+11
757.51   -7.6566e+11
757.82   -7.6566e+11
758.13   -5.9295e+11
758.44   -1.3655e+11
758.75   -6.9583e+10
759.06   -6.9583e+10
759.37   3.9615e+11
759.68   5.7359e+11
759.98   2.9509e+11
760.29   5.7316e+11
760.6   5.7316e+11
760.91   5.1975e+11
761.22   5.1975e+11
761.53   5.1975e+11
761.83   5.1975e+11
762.14   1.5374e+11
762.45   -1.8511e+11
762.76   -5.5304e+11
763.07   -7.8893e+11
763.37   -7.8893e+11
763.68   -9.7865e+11
763.99   -9.7865e+11
764.3   -1.705e+12
764.61   -1.705e+12
764.91   -1.3109e+12
765.22   -6.9614e+10
765.53   -6.9614e+10
765.84   -6.9614e+10
766.14   -6.9614e+10
766.45   -6.9614e+10
766.76   6.3929e+11
767.06   3.1047e+11
767.37   3.1047e+11
767.68   1.5172e+11
767.99   -4.0978e+11
768.29   -1.2121e+12
768.6   -4.0978e+11
768.91   -4.0978e+11
769.21   1.5172e+11
769.52   -4.0978e+11
769.83   -4.0978e+11
770.13   -1.1352e+12
770.44   -9.9138e+11
770.75   -1.4205e+12
771.05   -9.9138e+11
771.36   -9.6236e+11
771.67   -9.6236e+11
771.97   -1.457e+11
772.28   -1.457e+11
772.59   -1.457e+11
772.89   -6.8222e+10
773.2   7.3729e+11
773.51   1.4045e+12
773.81   1.4045e+12
774.12   7.3729e+11
774.42   7.3729e+11
774.73   5.6013e+11
775.04   5.6013e+11
775.34   -8.6277e+10
775.65   5.6013e+11
775.95   -8.6277e+10
776.26   -7.6742e+11
776.57   -7.6742e+11
776.87   -2.0326e+12
777.18   -7.6742e+11
777.48   -7.8145e+11
777.79   -6.3337e+11
778.09   -1.0451e+12
778.4   -6.3337e+11
778.7   -1.5693e+12
779.01   -9.7568e+11
779.31   -6.5322e+11
779.62   -6.7605e+11
779.92   -4.3225e+11
780.23   -4.3225e+11
780.53   -6.7605e+11
780.84   -4.3225e+11
781.14   -4.3225e+11
781.45   -4.3225e+11
781.75   -1.7864e+11
782.06   -1.7864e+11
782.36   -1.8802e+11
782.67   2.5499e+11
782.97   -1.8802e+11
783.28   -7.2108e+11
783.58   -1.8802e+11
783.89   -7.2108e+11
784.19   9.3955e+11
784.5   -7.2108e+11
784.8   -7.2108e+11
785.1   -7.2108e+11
785.41   -1.0875e+12
785.71   -3.7364e+12
786.02   -4.2688e+12
786.32   -1.6934e+12
786.62   -3.3302e+12
786.93   -1.8111e+12
787.23   -1.8111e+12
787.53   -1.8111e+12
787.84   -1.8111e+12
788.14   -1.0199e+12
788.45   -1.0199e+12
788.75   -1.0199e+12
789.05   -4.2689e+11
789.36   6.7134e+11
789.66   6.7134e+11
789.96   2.0871e+12
790.27   2.7542e+12
790.57   1.6422e+12
790.87   1.4864e+12
791.18   1.4864e+12
791.48   1.4864e+12
791.78   1.4864e+12
792.09   1.4864e+12
792.39   1.4864e+12
792.69   2.3573e+12
793   1.4864e+12
793.3   4.6892e+11
793.6   -1.9965e+11
793.9   -1.9965e+11
794.21   -1.9965e+11
794.51   -8.9535e+11
794.81   -6.9982e+11
795.12   -6.8487e+11
795.42   -1.6594e+12
795.72   -1.8179e+12
796.02   -2.7063e+12
796.32   -2.7063e+12
796.63   -1.8179e+12
796.93   -1.8179e+12
797.23   -2.0678e+12
797.53   -2.0678e+12
797.84   -2.0678e+12
798.14   -2.0678e+12
798.44   -2.5396e+12
798.74   -4.84e+11
799.04   6.0313e+11
799.35   6.0313e+11
799.65   0
799.95   0
