200.34   0
200.72   0
201.1   0
201.48   0
201.85   0
202.23   0
202.61   0
202.99   -0
203.36   -0
203.74   0
204.12   0
204.5   0
204.87   0
205.25   -0
205.63   0
206   0
206.38   0
206.76   0
207.13   0
207.51   0
207.89   0
208.27   0
208.64   0
209.02   0
209.4   0
209.77   0
210.15   0
210.53   0
210.9   0
211.28   3.4589e+10
211.66   3.3499e+10
212.03   -1.8127e+09
212.41   8.5315e+10
212.79   8.5315e+10
213.16   2.0212e+11
213.54   6.3814e+11
213.92   6.7154e+11
214.29   9.5904e+11
214.67   9.7858e+11
215.04   9.6297e+11
215.42   9.7858e+11
215.8   9.7858e+11
216.17   9.6297e+11
216.55   9.4852e+11
216.93   9.4852e+11
217.3   9.4852e+11
217.68   1.2179e+12
218.06   1.2179e+12
218.43   8.4017e+11
218.81   7.2551e+11
219.18   7.2551e+11
219.56   8.585e+11
219.93   9.919e+11
220.31   1.1544e+12
220.69   9.919e+11
221.06   9.919e+11
221.44   9.8305e+11
221.81   9.8305e+11
222.19   9.8305e+11
222.56   9.8305e+11
222.94   9.5975e+11
223.32   9.093e+11
223.69   5.9336e+11
224.07   4.3871e+11
224.44   3.8575e+11
224.82   3.8575e+11
225.19   3.0712e+11
225.57   3.0712e+11
225.94   3.0712e+11
226.32   3.0111e+11
226.69   3.7623e+11
227.07   3.7623e+11
227.44   3.8455e+11
227.82   2.8871e+11
228.19   2.8871e+11
228.57   2.8871e+11
228.94   4.5732e+11
229.32   4.5732e+11
229.69   4.1776e+11
230.07   5.6685e+11
230.44   6.0364e+11
230.82   6.0364e+11
231.19   6.0364e+11
231.57   7.3398e+11
231.94   8.4239e+11
232.32   8.4239e+11
232.69   8.4239e+11
233.07   8.4239e+11
233.44   9.2568e+11
233.82   9.2568e+11
234.19   8.7916e+11
234.57   9.2568e+11
234.94   9.2568e+11
235.31   9.2568e+11
235.69   9.0803e+11
236.06   7.8526e+11
236.44   7.0294e+11
236.81   7.792e+11
237.19   7.1869e+11
237.56   7.1869e+11
237.94   7.2595e+11
238.31   7.2595e+11
238.68   8.1408e+11
239.06   8.1408e+11
239.43   8.1408e+11
239.81   8.8817e+11
240.18   9.4237e+11
240.55   8.8817e+11
240.93   9.5157e+11
241.3   9.5157e+11
241.67   9.5157e+11
242.05   8.8236e+11
242.42   8.1664e+11
242.8   8.1664e+11
243.17   8.444e+11
243.54   8.444e+11
243.92   7.7804e+11
244.29   8.444e+11
244.66   8.0625e+11
245.04   8.0625e+11
245.41   8.3824e+11
245.78   8.3824e+11
246.16   8.0625e+11
246.53   8.0625e+11
246.9   7.8554e+11
247.28   7.7416e+11
247.65   7.7416e+11
248.02   7.7416e+11
248.4   7.5424e+11
248.77   7.7416e+11
249.14   7.5424e+11
249.52   7.4815e+11
249.89   7.6807e+11
250.26   7.6702e+11
250.63   7.8287e+11
251.01   7.6702e+11
251.38   7.6702e+11
251.75   7.5454e+11
252.13   7.5454e+11
252.5   7.5454e+11
252.87   7.5454e+11
253.25   7.2697e+11
253.62   7.2697e+11
253.99   7.2697e+11
254.36   6.7476e+11
254.74   6.7476e+11
255.11   6.7476e+11
255.48   6.7476e+11
255.85   6.7004e+11
256.23   6.7004e+11
256.6   7.5474e+11
256.97   8.397e+11
257.34   7.277e+11
257.71   7.3826e+11
258.09   8.1234e+11
258.46   8.1234e+11
258.83   8.5026e+11
259.2   8.5026e+11
259.58   8.5026e+11
259.95   8.2833e+11
260.32   8.0715e+11
260.69   7.3909e+11
261.06   7.3909e+11
261.44   7.3909e+11
261.81   6.5526e+11
262.18   7.2332e+11
262.55   7.2332e+11
262.92   7.2332e+11
263.3   8.3652e+11
263.67   7.367e+11
264.04   7.367e+11
264.41   7.367e+11
264.78   7.771e+11
265.15   8.1694e+11
265.52   8.6516e+11
265.9   7.8656e+11
266.27   7.8098e+11
266.64   7.8098e+11
267.01   7.8098e+11
267.38   7.9517e+11
267.75   7.9517e+11
268.12   8.168e+11
268.5   8.168e+11
268.87   7.9517e+11
269.24   8.1122e+11
269.61   8.4223e+11
269.98   8.4223e+11
270.35   8.4223e+11
270.72   8.6944e+11
271.09   8.6944e+11
271.46   9.0958e+11
271.83   9.4443e+11
272.2   9.7766e+11
272.58   9.9855e+11
272.95   9.9855e+11
273.32   9.7766e+11
273.69   9.9855e+11
274.06   1.0077e+12
274.43   1.024e+12
274.8   1.0336e+12
275.17   1.0336e+12
275.54   1.0336e+12
275.91   1.0336e+12
276.28   1.003e+12
276.65   9.4371e+11
277.02   1.003e+12
277.39   9.5334e+11
277.76   9.1336e+11
278.13   9.0551e+11
278.5   9.0551e+11
278.87   9.1336e+11
279.25   9.3949e+11
279.62   9.3949e+11
279.99   9.3949e+11
280.36   9.9767e+11
280.73   9.4499e+11
281.1   1.0133e+12
281.46   1.0177e+12
281.83   1.0655e+12
282.2   1.0655e+12
282.57   1.0852e+12
282.94   1.0564e+12
283.31   1.0564e+12
283.68   1.0564e+12
284.05   1.0092e+12
284.42   1.0213e+12
284.79   9.8251e+11
285.16   1.0213e+12
285.53   9.9781e+11
285.9   1.0245e+12
286.27   9.9781e+11
286.64   9.9781e+11
287.01   9.7192e+11
287.38   9.9781e+11
287.75   9.9781e+11
288.12   9.4155e+11
288.49   9.8005e+11
288.86   9.2053e+11
289.23   8.7326e+11
289.59   8.6342e+11
289.96   8.6342e+11
290.33   8.6342e+11
290.7   8.7326e+11
291.07   8.6342e+11
291.44   8.5355e+11
291.81   8.6342e+11
292.18   8.6342e+11
292.55   8.9442e+11
292.92   9.6282e+11
293.28   9.957e+11
293.65   9.957e+11
294.02   1.0033e+12
294.39   9.7562e+11
294.76   9.7562e+11
295.13   1.0033e+12
295.5   1.0033e+12
295.86   9.7562e+11
296.23   9.7562e+11
296.6   9.3371e+11
296.97   8.8169e+11
297.34   8.3991e+11
297.71   8.3991e+11
298.07   8.3991e+11
298.44   8.3991e+11
298.81   8.3991e+11
299.18   8.3991e+11
299.55   8.6191e+11
299.92   8.115e+11
300.28   8.0816e+11
300.65   7.6449e+11
301.02   8.2661e+11
301.39   8.2661e+11
301.75   8.8035e+11
302.12   8.8035e+11
302.49   8.5447e+11
302.86   7.9146e+11
303.23   7.1627e+11
303.59   7.9146e+11
303.96   7.9146e+11
304.33   8.5447e+11
304.7   8.2053e+11
305.06   8.2053e+11
305.43   7.6268e+11
305.8   7.6268e+11
306.17   7.9985e+11
306.53   8.1507e+11
306.9   8.1507e+11
307.27   7.9985e+11
307.64   8.1507e+11
308   8.1507e+11
308.37   8.289e+11
308.74   8.289e+11
309.11   8.289e+11
309.47   8.289e+11
309.84   8.2122e+11
310.21   7.9815e+11
310.57   7.7301e+11
310.94   7.7301e+11
311.31   7.2058e+11
311.67   7.2058e+11
312.04   7.1243e+11
312.41   6.6967e+11
312.77   6.4556e+11
313.14   6.281e+11
313.51   6.1214e+11
313.88   6.3066e+11
314.24   6.0017e+11
314.61   6.0017e+11
314.98   5.7993e+11
315.34   5.5826e+11
315.71   5.5826e+11
316.07   5.5271e+11
316.44   5.5271e+11
316.81   5.2643e+11
317.17   5.2643e+11
317.54   5.2643e+11
317.91   5.2643e+11
318.27   5.2643e+11
318.64   5.2534e+11
319   5.479e+11
319.37   5.479e+11
319.74   5.479e+11
320.1   5.0011e+11
320.47   4.7545e+11
320.83   4.6812e+11
321.2   4.5696e+11
321.57   4.5696e+11
321.93   4.6521e+11
322.3   4.6648e+11
322.66   4.6295e+11
323.03   4.6648e+11
323.39   4.7165e+11
323.76   4.6648e+11
324.13   4.5823e+11
324.49   4.5823e+11
324.86   4.5223e+11
325.22   4.3495e+11
325.59   4.3495e+11
325.95   4.3495e+11
326.32   4.4445e+11
326.69   4.135e+11
327.05   4.135e+11
327.42   4.4445e+11
327.78   4.4445e+11
328.15   4.4445e+11
328.51   4.3488e+11
328.88   4.457e+11
329.24   4.2133e+11
329.61   4.0769e+11
329.97   4.0769e+11
330.34   4.0769e+11
330.7   3.9882e+11
331.07   3.9287e+11
331.43   3.9892e+11
331.8   3.9634e+11
332.16   3.9634e+11
332.52   3.9634e+11
332.89   3.9634e+11
333.25   3.9634e+11
333.62   3.9634e+11
333.98   3.9634e+11
334.35   3.9634e+11
334.71   3.8148e+11
335.08   3.8148e+11
335.44   3.6201e+11
335.81   3.4559e+11
336.17   3.4559e+11
336.54   3.2186e+11
336.9   3.2186e+11
337.26   3.1143e+11
337.63   3.1091e+11
337.99   3.2186e+11
338.36   3.2186e+11
338.72   3.2186e+11
339.08   3.1091e+11
339.45   3.4492e+11
339.81   3.1987e+11
340.18   2.9902e+11
340.54   2.9902e+11
340.9   2.9902e+11
341.27   3.5534e+11
341.63   3.1238e+11
342   3.1975e+11
342.36   3.0569e+11
342.72   3.1975e+11
343.09   3.0569e+11
343.45   3.0569e+11
343.81   3.1837e+11
344.18   3.0569e+11
344.54   3.0569e+11
344.9   2.8833e+11
345.27   2.957e+11
345.63   3.0101e+11
345.99   3.2478e+11
346.36   3.0409e+11
346.72   3.0409e+11
347.08   2.8649e+11
347.45   2.8141e+11
347.81   2.8141e+11
348.17   2.8649e+11
348.54   2.8649e+11
348.9   2.8649e+11
349.26   2.4696e+11
349.62   2.1091e+11
349.99   2.1091e+11
350.35   2.1091e+11
350.71   2.0919e+11
351.08   2.1091e+11
351.44   2.1066e+11
351.8   1.6166e+11
352.16   1.4654e+11
352.53   1.3138e+11
352.89   1.593e+11
353.25   1.593e+11
353.61   1.593e+11
353.98   1.593e+11
354.34   1.7446e+11
354.7   1.7446e+11
355.06   1.7446e+11
355.43   1.7446e+11
355.79   1.7855e+11
356.15   1.7855e+11
356.51   2.1417e+11
356.88   1.9357e+11
357.24   1.9331e+11
357.6   1.9331e+11
357.96   1.9331e+11
358.32   1.7343e+11
358.69   1.9218e+11
359.05   1.9218e+11
359.41   1.9863e+11
359.77   1.9863e+11
360.13   1.6788e+11
360.49   1.3555e+11
360.86   1.3555e+11
361.22   1.4555e+11
361.58   1.4555e+11
361.94   1.7233e+11
362.3   1.7233e+11
362.66   1.9582e+11
363.03   1.9582e+11
363.39   2.0589e+11
363.75   2.0589e+11
364.11   2.1058e+11
364.47   2.1058e+11
364.83   2.1058e+11
365.19   2.0589e+11
365.56   2.1058e+11
365.92   2.1058e+11
366.28   2.0866e+11
366.64   1.6675e+11
367   1.283e+11
367.36   1.6675e+11
367.72   1.283e+11
368.08   1.283e+11
368.44   1.1969e+11
368.8   1.283e+11
369.17   1.283e+11
369.53   1.1969e+11
369.89   1.1969e+11
370.25   1.2457e+11
370.61   1.1848e+11
370.97   1.1848e+11
371.33   1.1578e+11
371.69   1.1578e+11
372.05   1.3589e+11
372.41   1.3589e+11
372.77   1.1116e+11
373.13   1.4322e+11
373.49   1.8726e+11
373.85   2.0836e+11
374.21   2.0836e+11
374.57   1.8418e+11
374.93   1.8418e+11
375.29   1.5181e+11
375.65   1.5181e+11
376.01   9.7737e+10
376.37   1.1191e+11
376.73   1.1191e+11
377.09   1.1191e+11
377.45   9.7737e+10
377.81   9.3416e+10
378.17   9.3416e+10
378.53   9.3416e+10
378.89   1.0759e+11
379.25   1.0137e+11
379.61   1.1925e+11
379.97   1.2038e+11
380.33   1.0077e+11
380.69   7.8029e+10
381.05   7.8029e+10
381.41   8.2796e+10
381.77   9.5053e+10
382.13   1.2038e+11
382.49   1.2252e+11
382.85   1.6329e+11
383.21   1.5726e+11
383.57   1.0454e+11
383.93   1.5726e+11
384.29   1.6775e+11
384.64   1.6775e+11
385   1.6775e+11
385.36   1.4249e+11
385.72   1.3112e+11
386.08   9.4488e+10
386.44   6.5047e+10
386.8   6.5047e+10
387.16   9.2046e+10
387.52   9.2046e+10
387.88   9.2046e+10
388.23   1.0682e+11
388.59   1.3632e+11
388.95   1.5135e+11
389.31   1.5135e+11
389.67   1.9644e+11
390.03   2.4705e+11
390.38   2.7349e+11
390.74   2.7349e+11
391.1   2.4705e+11
391.46   2.3405e+11
391.82   1.8442e+11
392.18   1.8896e+11
392.54   2.3888e+11
392.89   2.4258e+11
393.25   2.3888e+11
393.61   2.226e+11
393.97   2.226e+11
394.33   2.226e+11
394.68   2.226e+11
395.04   1.9104e+11
395.4   1.9104e+11
395.76   1.8493e+11
396.12   1.7438e+11
396.47   1.5575e+11
396.83   1.669e+11
397.19   1.4935e+11
397.55   1.4935e+11
397.9   1.4935e+11
398.26   1.4935e+11
398.62   1.1658e+11
398.98   1.2296e+11
399.33   9.336e+10
399.69   8.0617e+10
400.05   6.3938e+10
400.41   6.3938e+10
400.76   7.5086e+10
401.12   7.5086e+10
401.48   1.0068e+11
401.84   1.1903e+11
402.19   1.1903e+11
402.55   1.1903e+11
402.91   1.3064e+11
403.26   1.3064e+11
403.62   1.6777e+11
403.98   1.3064e+11
404.34   1.4057e+11
404.69   1.4057e+11
405.05   1.1901e+11
405.41   9.2653e+10
405.76   1.1901e+11
406.12   1.13e+11
406.48   9.2853e+10
406.83   8.0313e+10
407.19   8.0313e+10
407.55   8.0313e+10
407.9   8.0313e+10
408.26   8.3049e+10
408.62   8.6735e+10
408.97   9.446e+10
409.33   8.7834e+10
409.69   8.6684e+10
410.04   8.6684e+10
410.4   8.7834e+10
410.75   9.446e+10
411.11   1.4135e+11
411.47   1.4135e+11
411.82   1.8757e+11
412.18   1.8757e+11
412.53   1.8757e+11
412.89   1.8757e+11
413.25   1.8757e+11
413.6   1.9426e+11
413.96   1.8757e+11
414.31   1.7958e+11
414.67   1.7365e+11
415.02   1.6963e+11
415.38   1.6963e+11
415.74   1.609e+11
416.09   1.4471e+11
416.45   1.2937e+11
416.8   1.4405e+11
417.16   1.4405e+11
417.51   1.5169e+11
417.87   1.4405e+11
418.23   1.3635e+11
418.58   1.0722e+11
418.94   8.2651e+10
419.29   1.0722e+11
419.65   1.2236e+11
420   1.3705e+11
420.36   9.423e+10
420.71   9.423e+10
421.07   6.1842e+10
421.42   9.0672e+10
421.78   1.3886e+11
422.13   1.3886e+11
422.49   1.5701e+11
422.84   1.3886e+11
423.2   1.1338e+11
423.55   6.5187e+10
423.91   6.5187e+10
424.26   6.5187e+10
424.62   8.52e+10
424.97   8.52e+10
425.32   5.8329e+10
425.68   5.0644e+10
426.03   4.9473e+10
426.39   5.5551e+10
426.74   7.0494e+10
427.1   7.0494e+10
427.45   9.1287e+10
427.81   7.0494e+10
428.16   5.5551e+10
428.51   3.9136e+10
428.87   5.5551e+10
429.22   6.9322e+10
429.58   8.8134e+10
429.93   5.7948e+10
430.28   5.7948e+10
430.64   9.5278e+10
430.99   8.7279e+10
431.35   8.7279e+10
431.7   9.5278e+10
432.05   9.5278e+10
432.41   9.5278e+10
432.76   1.0358e+11
433.11   1.0358e+11
433.47   1.0358e+11
433.82   9.5576e+10
434.18   8.559e+10
434.53   7.8173e+10
434.88   7.8173e+10
435.24   6.5494e+10
435.59   7.8173e+10
435.94   5.7205e+10
436.3   5.7205e+10
436.65   4.3668e+10
437   4.3668e+10
437.36   4.3668e+10
437.71   4.3668e+10
438.06   7.1874e+10
438.41   8.2316e+10
438.77   1.0779e+11
439.12   1.0779e+11
439.47   1.0779e+11
439.83   8.4345e+10
440.18   8.4345e+10
440.53   6.9603e+10
440.88   6.9995e+10
441.24   6.7966e+10
441.59   6.7966e+10
441.94   4.1596e+10
442.3   4.1596e+10
442.65   1.0023e+10
443   3.6396e+09
443.35   -7.279e+09
443.7   -2.335e+10
444.06   -3.3908e+10
444.41   -3.3908e+10
444.76   -3.017e+10
445.11   -3.7149e+10
445.47   -3.017e+10
445.82   -3.017e+10
446.17   -2.335e+10
446.52   4.0969e+09
446.88   -2.7235e+09
447.23   -2.7235e+09
447.58   4.1201e+10
447.93   -2.7235e+09
448.28   3.9805e+10
448.63   5.2923e+10
448.99   5.9504e+10
449.34   5.9504e+10
449.69   7.2242e+10
450.04   7.2242e+10
450.39   9.0304e+10
450.75   9.0304e+10
451.1   9.0304e+10
451.45   9.0304e+10
451.8   9.0304e+10
452.15   9.0304e+10
452.5   9.6484e+10
452.85   9.6484e+10
453.2   8.1478e+10
453.56   8.1478e+10
453.91   7.1531e+10
454.26   7.1531e+10
454.61   5.0455e+10
454.96   7.1531e+10
455.31   7.3056e+10
455.66   7.3056e+10
456.01   5.198e+10
456.37   2.9177e+10
456.72   5.198e+10
457.07   5.198e+10
457.42   2.9177e+10
457.77   1.4065e+10
458.12   4.0519e+10
458.47   1.4065e+10
458.82   1.4065e+10
459.17   4.4508e+10
459.52   9.5358e+10
459.87   1.2023e+11
460.22   1.161e+11
460.57   1.161e+11
460.92   1.161e+11
461.27   1.161e+11
461.62   1.0713e+11
461.97   1.0713e+11
462.32   1.037e+11
462.68   1.037e+11
463.02   1.037e+11
463.38   1.037e+11
463.73   6.3019e+10
464.07   2.9588e+10
464.43   2.9588e+10
464.77   7.0272e+10
465.12   9.0005e+10
465.48   1.1112e+11
465.82   1.0608e+11
466.17   1.0608e+11
466.52   8.4965e+10
466.87   5.501e+10
467.22   5.501e+10
467.57   3.1309e+10
467.92   5.956e+10
468.27   1.6125e+10
468.62   -1.502e+10
468.97   -1.502e+10
469.32   -1.502e+10
469.67   -1.502e+10
470.02   -1.032e+10
470.37   1.0465e+10
470.72   2.4696e+10
471.07   2.4696e+10
471.42   1.0465e+10
471.76   2.4696e+10
472.11   2.8578e+10
472.46   2.8578e+10
472.81   4.01e+10
473.16   4.01e+10
473.51   4.01e+10
473.86   4.01e+10
474.21   4.468e+10
474.56   4.9029e+10
474.9   4.9029e+10
475.25   4.9029e+10
475.6   4.468e+10
475.95   3.0172e+10
476.3   3.0172e+10
476.65   3.0172e+10
477   4.5759e+10
477.35   6.7154e+10
477.69   9.1661e+10
478.04   1.0486e+11
478.39   1.0486e+11
478.74   9.329e+10
479.09   9.329e+10
479.43   9.329e+10
479.78   9.329e+10
480.13   9.1382e+10
480.48   9.1382e+10
480.83   8.0357e+10
481.18   7.2558e+10
481.52   7.2558e+10
481.87   7.2558e+10
482.22   7.2558e+10
482.57   6.6323e+10
482.91   6.6323e+10
483.26   7.5045e+10
483.61   5.7343e+10
483.96   5.7343e+10
484.3   5.9071e+10
484.65   7.5554e+10
485   7.5554e+10
485.35   8.1594e+10
485.69   8.1594e+10
486.04   8.1594e+10
486.39   1.0615e+11
486.74   8.7212e+10
487.08   8.7212e+10
487.43   8.7212e+10
487.78   8.7212e+10
488.12   6.8655e+10
488.47   6.6563e+10
488.82   6.6563e+10
489.17   6.6563e+10
489.51   6.9494e+10
489.86   6.6563e+10
490.21   6.9494e+10
490.55   6.9494e+10
490.9   7.6394e+10
491.25   6.9494e+10
491.59   7.4302e+10
491.94   7.3032e+10
492.29   6.1684e+10
492.63   5.1654e+10
492.98   5.1654e+10
493.33   5.1128e+10
493.67   5.1128e+10
494.02   5.4174e+10
494.37   5.4174e+10
494.71   7.022e+10
495.06   7.022e+10
495.4   8.1828e+10
495.75   8.9446e+10
496.1   8.9446e+10
496.44   8.1828e+10
496.79   8.1828e+10
497.13   8.1828e+10
497.48   9.5221e+10
497.83   8.897e+10
498.17   1.0277e+11
498.52   9.6693e+10
498.86   9.7098e+10
499.21   6.9037e+10
499.56   6.9037e+10
499.9   7.8837e+10
500.25   7.8837e+10
500.59   7.7049e+10
500.94   7.5637e+10
501.28   8.6034e+10
501.63   8.6034e+10
501.97   8.6034e+10
502.32   8.2992e+10
502.67   8.6034e+10
503.01   9.3404e+10
503.36   1.0489e+11
503.7   1.0489e+11
504.05   1.1547e+11
504.39   1.3008e+11
504.74   1.3008e+11
505.08   1.2203e+11
505.43   1.1088e+11
505.77   1.1181e+11
506.12   1.2203e+11
506.46   1.3159e+11
506.81   1.1332e+11
507.15   1.3159e+11
507.5   1.2966e+11
507.84   1.1795e+11
508.18   1.1795e+11
508.53   1.0772e+11
508.87   1.1604e+11
509.22   1.2776e+11
509.56   1.1604e+11
509.91   1.1604e+11
510.25   1.1604e+11
510.6   8.6328e+10
510.94   8.6328e+10
511.28   9.0018e+10
511.63   8.9e+10
511.97   1.0396e+11
512.32   1.2192e+11
512.66   9.1439e+10
513   9.6345e+10
513.35   9.6345e+10
513.69   9.6345e+10
514.04   1.1087e+11
514.38   1.1087e+11
514.72   1.1087e+11
515.07   1.1087e+11
515.41   1.397e+11
515.75   1.3986e+11
516.1   1.3986e+11
516.44   1.5715e+11
516.79   1.5715e+11
517.13   1.5715e+11
517.47   1.4226e+11
517.82   1.2204e+11
518.16   1.042e+11
518.5   1.1472e+11
518.85   1.1472e+11
519.19   1.0341e+11
519.53   1.1472e+11
519.88   1.1472e+11
520.22   1.0341e+11
520.56   1.1472e+11
520.9   1.2005e+11
521.25   1.2733e+11
521.59   1.2733e+11
521.93   1.2733e+11
522.28   1.0986e+11
522.62   1.2721e+11
522.96   1.2721e+11
523.3   1.3242e+11
523.65   1.42e+11
523.99   1.3584e+11
524.33   1.3584e+11
524.67   1.3168e+11
525.02   1.4126e+11
525.36   1.5732e+11
525.7   1.5732e+11
526.04   1.5732e+11
526.39   1.62e+11
526.73   1.6304e+11
527.07   1.5284e+11
527.41   1.5468e+11
527.76   1.5073e+11
528.1   1.5073e+11
528.44   1.5073e+11
528.78   1.4281e+11
529.12   1.4281e+11
529.47   1.5073e+11
529.81   1.5073e+11
530.15   1.5073e+11
530.49   1.5198e+11
530.83   1.5304e+11
531.18   1.5304e+11
531.52   1.8327e+11
531.86   1.5823e+11
532.2   1.8681e+11
532.54   1.8681e+11
532.88   1.873e+11
533.23   1.5892e+11
533.57   1.5892e+11
533.91   1.5892e+11
534.25   1.5892e+11
534.59   1.5892e+11
534.93   1.5892e+11
535.27   1.5741e+11
535.61   1.5741e+11
535.96   1.8058e+11
536.3   1.8058e+11
536.64   1.8058e+11
536.98   1.8058e+11
537.32   2.1858e+11
537.66   2.1858e+11
538   2.246e+11
538.34   2.246e+11
538.68   2.3284e+11
539.02   2.2267e+11
539.36   2.3121e+11
539.7   2.2267e+11
540.04   2.3121e+11
540.38   2.3119e+11
540.73   2.2267e+11
541.07   2.3119e+11
541.41   2.3119e+11
541.75   2.3119e+11
542.09   2.3149e+11
542.43   2.3149e+11
542.77   2.3023e+11
543.11   2.3023e+11
543.45   2.2968e+11
543.79   2.2968e+11
544.13   2.5258e+11
544.47   2.3637e+11
544.81   2.4211e+11
545.15   2.4211e+11
545.49   2.3845e+11
545.83   2.3845e+11
546.17   2.4211e+11
546.51   2.4211e+11
546.85   2.4211e+11
547.19   2.3845e+11
547.53   2.3845e+11
547.87   2.3845e+11
548.21   2.6243e+11
548.54   2.6243e+11
548.88   2.9875e+11
549.22   3.0704e+11
549.56   3.0704e+11
549.9   3.0704e+11
550.24   3.0704e+11
550.58   3.0877e+11
550.92   3.0877e+11
551.26   3.0704e+11
551.6   2.9073e+11
551.94   2.9073e+11
552.28   2.9073e+11
552.62   2.9497e+11
552.95   2.9497e+11
553.29   3.188e+11
553.63   3.1946e+11
553.97   3.288e+11
554.31   3.288e+11
554.65   3.3159e+11
554.99   3.4688e+11
555.33   3.577e+11
555.66   3.4488e+11
556   3.5064e+11
556.34   3.6339e+11
556.68   3.6339e+11
557.02   3.6339e+11
557.36   3.5064e+11
557.69   3.3795e+11
558.03   3.3795e+11
558.37   3.3795e+11
558.71   3.3795e+11
559.05   3.6168e+11
559.38   3.8626e+11
559.72   3.6608e+11
560.06   3.6719e+11
560.4   3.6719e+11
560.74   3.9165e+11
561.07   3.9909e+11
561.41   4.0814e+11
561.75   4.1558e+11
562.09   4.0814e+11
562.42   4.0814e+11
562.76   4.1558e+11
563.1   4.2638e+11
563.44   4.2638e+11
563.77   4.547e+11
564.11   4.547e+11
564.45   4.2638e+11
564.79   4.1214e+11
565.12   3.9698e+11
565.46   4.2754e+11
565.8   4.2754e+11
566.14   4.2754e+11
566.47   4.2754e+11
566.81   4.348e+11
567.15   4.348e+11
567.48   4.511e+11
567.82   4.511e+11
568.16   4.5455e+11
568.5   4.5455e+11
568.83   4.8748e+11
569.17   4.8748e+11
569.5   4.8693e+11
569.84   5.1838e+11
570.18   5.2544e+11
570.51   5.545e+11
570.85   5.5104e+11
571.19   5.5104e+11
571.52   5.2557e+11
571.86   5.3695e+11
572.2   5.5618e+11
572.53   5.5102e+11
572.87   5.627e+11
573.21   5.627e+11
573.54   5.627e+11
573.88   5.627e+11
574.21   5.627e+11
574.55   5.627e+11
574.89   5.6612e+11
575.22   5.686e+11
575.56   5.6612e+11
575.89   5.686e+11
576.23   5.7536e+11
576.57   5.7536e+11
576.9   5.7536e+11
577.24   6.055e+11
577.57   6.4452e+11
577.91   6.7558e+11
578.24   6.7558e+11
578.58   7.0467e+11
578.91   7.0467e+11
579.25   6.8743e+11
579.59   6.8743e+11
579.92   7.2577e+11
580.26   6.9798e+11
580.59   6.6889e+11
580.93   6.7765e+11
581.26   6.7765e+11
581.6   6.9798e+11
581.93   7.0723e+11
582.27   7.0723e+11
582.6   7.219e+11
582.94   7.2586e+11
583.27   7.4221e+11
583.61   7.4995e+11
583.94   7.7834e+11
584.27   7.7834e+11
584.61   7.6126e+11
584.95   7.3558e+11
585.28   7.1653e+11
585.61   7.3558e+11
585.95   7.3558e+11
586.28   7.1519e+11
586.62   7.1519e+11
586.95   7.2651e+11
587.29   7.2651e+11
587.62   6.9792e+11
587.95   7.5598e+11
588.29   8.2102e+11
588.62   8.2102e+11
588.96   7.9632e+11
589.29   8.2102e+11
589.62   8.4644e+11
589.96   8.3578e+11
590.29   8.3578e+11
590.63   8.6429e+11
590.96   8.7409e+11
591.29   8.6429e+11
591.63   8.7409e+11
591.96   8.8533e+11
592.29   8.8533e+11
592.63   9.072e+11
592.96   9.2296e+11
593.29   9.3689e+11
593.63   9.3689e+11
593.96   9.1763e+11
594.3   9.478e+11
594.63   9.478e+11
594.96   9.2432e+11
595.29   9.4622e+11
595.63   9.7165e+11
595.96   9.7165e+11
596.29   9.7165e+11
596.63   9.4622e+11
596.96   9.4622e+11
597.29   9.6732e+11
597.63   9.6927e+11
597.96   9.8043e+11
598.29   9.8768e+11
598.62   1.0095e+12
598.96   1.0095e+12
599.29   9.8604e+11
599.62   9.8604e+11
599.96   1.0021e+12
600.29   1.0276e+12
600.62   1.0437e+12
600.95   1.0522e+12
601.29   1.0522e+12
601.62   1.0522e+12
601.95   1.0522e+12
602.28   1.0729e+12
602.62   1.0943e+12
602.95   1.1013e+12
603.28   1.1013e+12
603.61   1.1013e+12
603.94   1.1013e+12
604.27   1.1013e+12
604.61   1.1013e+12
604.94   1.0944e+12
605.27   1.1097e+12
605.6   1.1306e+12
605.93   1.1306e+12
606.27   1.1228e+12
606.6   1.1477e+12
606.93   1.1705e+12
607.26   1.1912e+12
607.59   1.1912e+12
607.92   1.1912e+12
608.25   1.2054e+12
608.59   1.1912e+12
608.92   1.1912e+12
609.25   1.1884e+12
609.58   1.1884e+12
609.91   1.1884e+12
610.24   1.1792e+12
610.57   1.1792e+12
610.9   1.1792e+12
611.24   1.1792e+12
611.57   1.1584e+12
611.9   1.1505e+12
612.23   1.1505e+12
612.56   1.17e+12
612.89   1.1889e+12
613.22   1.17e+12
613.55   1.1549e+12
613.88   1.1549e+12
614.21   1.1433e+12
614.54   1.1433e+12
614.87   1.1367e+12
615.2   1.1133e+12
615.53   1.1367e+12
615.87   1.1367e+12
616.2   1.1367e+12
616.53   1.159e+12
616.86   1.1753e+12
617.19   1.2044e+12
617.52   1.2692e+12
617.85   1.2692e+12
618.18   1.2692e+12
618.51   1.2783e+12
618.84   1.2783e+12
619.17   1.278e+12
619.5   1.2449e+12
619.83   1.2358e+12
620.16   1.2449e+12
620.49   1.2164e+12
620.82   1.1807e+12
621.14   1.1591e+12
621.47   1.1747e+12
621.8   1.1747e+12
622.13   1.1747e+12
622.46   1.1747e+12
622.79   1.1979e+12
623.12   1.2365e+12
623.45   1.2365e+12
623.78   1.2365e+12
624.11   1.2365e+12
624.44   1.2658e+12
624.77   1.2791e+12
625.1   1.2791e+12
625.42   1.2791e+12
625.75   1.2791e+12
626.08   1.2746e+12
626.41   1.2507e+12
626.74   1.2286e+12
627.07   1.2507e+12
627.4   1.2968e+12
627.73   1.2507e+12
628.06   1.2426e+12
628.38   1.2426e+12
628.71   1.2354e+12
629.04   1.2489e+12
629.37   1.2489e+12
629.7   1.2871e+12
630.03   1.2871e+12
630.36   1.2871e+12
630.68   1.2871e+12
631.01   1.3147e+12
631.34   1.3147e+12
631.67   1.2765e+12
632   1.2913e+12
632.32   1.2648e+12
632.65   1.2913e+12
632.98   1.2648e+12
633.31   1.2648e+12
633.64   1.2462e+12
633.96   1.2183e+12
634.29   1.2183e+12
634.62   1.2462e+12
634.95   1.2648e+12
635.27   1.2882e+12
635.6   1.3125e+12
635.93   1.316e+12
636.26   1.316e+12
636.58   1.316e+12
636.91   1.316e+12
637.24   1.3727e+12
637.57   1.316e+12
637.89   1.2825e+12
638.22   1.2825e+12
638.55   1.2825e+12
638.88   1.2447e+12
639.2   1.2447e+12
639.53   1.2447e+12
639.86   1.2917e+12
640.18   1.3262e+12
640.51   1.2782e+12
640.84   1.2782e+12
641.16   1.2782e+12
641.49   1.2782e+12
641.82   1.2317e+12
642.14   1.2752e+12
642.47   1.2276e+12
642.8   1.2752e+12
643.12   1.2276e+12
643.45   1.2211e+12
643.78   1.2276e+12
644.1   1.2446e+12
644.43   1.2784e+12
644.75   1.2446e+12
645.08   1.2381e+12
645.41   1.2159e+12
645.73   1.22e+12
646.06   1.22e+12
646.38   1.239e+12
646.71   1.239e+12
647.04   1.239e+12
647.36   1.2041e+12
647.69   1.1791e+12
648.01   1.2041e+12
648.34   1.2389e+12
648.67   1.2389e+12
648.99   1.2221e+12
649.32   1.1797e+12
649.64   1.1797e+12
649.97   1.1606e+12
650.29   1.1462e+12
650.62   1.0968e+12
650.94   1.1009e+12
651.27   1.1009e+12
651.6   1.0424e+12
651.92   1.0424e+12
652.25   1.0424e+12
652.57   1.0678e+12
652.89   1.0365e+12
653.22   1.0581e+12
653.54   1.0678e+12
653.87   1.0686e+12
654.2   1.0727e+12
654.52   1.0642e+12
654.85   1.0727e+12
655.17   1.0642e+12
655.49   1.0642e+12
655.82   1.0642e+12
656.14   1.0642e+12
656.47   1.0642e+12
656.79   1.0642e+12
657.12   1.0805e+12
657.44   1.1108e+12
657.77   1.1215e+12
658.09   1.1215e+12
658.41   1.1215e+12
658.74   1.171e+12
659.06   1.1635e+12
659.39   1.1635e+12
659.71   1.1635e+12
660.03   1.0798e+12
660.36   1.0411e+12
660.68   1.0057e+12
661.01   9.6618e+11
661.33   9.6618e+11
661.65   9.6618e+11
661.98   9.6618e+11
662.3   9.9712e+11
662.62   1.0459e+12
662.95   1.0459e+12
663.27   1.078e+12
663.6   1.1193e+12
663.92   1.1504e+12
664.24   1.1504e+12
664.57   1.1319e+12
664.89   1.078e+12
665.21   1.0742e+12
665.54   1.0101e+12
665.86   9.494e+11
666.18   9.6952e+11
666.5   9.6952e+11
666.83   9.6952e+11
667.15   9.6952e+11
667.47   1.0052e+12
667.8   1.0052e+12
668.12   9.6952e+11
668.44   9.9149e+11
668.76   1.0272e+12
669.09   1.0609e+12
669.41   1.0609e+12
669.73   1.0462e+12
670.06   1.0413e+12
670.38   1.0307e+12
670.7   9.9763e+11
671.02   9.9763e+11
671.35   9.9763e+11
671.67   9.8681e+11
671.99   9.7808e+11
672.31   9.648e+11
672.63   9.3958e+11
672.96   9.3958e+11
673.28   9.1019e+11
673.6   8.4031e+11
673.92   8.8222e+11
674.24   9.1019e+11
674.57   8.8222e+11
674.89   8.2919e+11
675.21   7.8618e+11
675.53   7.7931e+11
675.85   7.7931e+11
676.17   7.7931e+11
676.5   7.7931e+11
676.82   8.2717e+11
677.14   8.2717e+11
677.46   8.2717e+11
677.78   8.6974e+11
678.1   8.6974e+11
678.42   8.6974e+11
678.75   8.6974e+11
679.07   8.6974e+11
679.39   8.8429e+11
679.71   8.8429e+11
680.03   8.8429e+11
680.35   8.8429e+11
680.67   8.8166e+11
680.99   9.1423e+11
681.31   9.7981e+11
681.63   9.7981e+11
681.96   1.0288e+12
682.28   1.0288e+12
682.6   1.0563e+12
682.92   1.0073e+12
683.24   9.1423e+11
683.56   8.7952e+11
683.88   8.6393e+11
684.2   8.6393e+11
684.52   8.0902e+11
684.84   7.2388e+11
685.16   6.8542e+11
685.48   7.2388e+11
685.8   6.8542e+11
686.12   6.8542e+11
686.44   6.8542e+11
686.76   6.9333e+11
687.08   6.9333e+11
687.4   6.9333e+11
687.72   6.9333e+11
688.04   6.7152e+11
688.36   7.2744e+11
688.68   6.7152e+11
689   7.2059e+11
689.32   7.5303e+11
689.64   6.9711e+11
689.96   6.9711e+11
690.28   7.5303e+11
690.6   7.5041e+11
690.92   7.5041e+11
691.24   7.5041e+11
691.56   7.5041e+11
691.88   7.5041e+11
692.19   6.9391e+11
692.51   6.2343e+11
692.83   6.5222e+11
693.15   6.5222e+11
693.47   4.7631e+11
693.79   4.3329e+11
694.11   4.2791e+11
694.43   5.2227e+11
694.75   5.1314e+11
695.07   5.2227e+11
695.38   5.641e+11
695.7   6.4566e+11
696.02   6.5416e+11
696.34   5.641e+11
696.66   5.641e+11
696.98   5.5873e+11
697.29   5.5498e+11
697.61   5.5498e+11
697.93   6.4727e+11
698.25   7.0087e+11
698.57   7.019e+11
698.89   7.019e+11
699.2   5.9987e+11
699.52   7.019e+11
699.84   7.019e+11
700.16   7.1417e+11
700.48   7.5831e+11
700.79   7.1417e+11
701.11   7.1417e+11
701.43   6.0819e+11
701.75   6.0819e+11
702.07   5.7591e+11
702.38   5.7591e+11
702.7   5.117e+11
703.02   5.8974e+11
703.34   5.8974e+11
703.65   5.8974e+11
703.97   6.3491e+11
704.29   7.0527e+11
704.61   7.0527e+11
704.92   6.9762e+11
705.24   7.0245e+11
705.56   7.4893e+11
705.87   7.4893e+11
706.19   7.4893e+11
706.51   7.2999e+11
706.83   6.9117e+11
707.14   7.2999e+11
707.46   6.9117e+11
707.77   6.9117e+11
708.09   6.5714e+11
708.41   6.8468e+11
708.73   5.4062e+11
709.04   5.7464e+11
709.36   3.6421e+11
709.67   3.6421e+11
709.99   4.5655e+11
710.31   4.5655e+11
710.62   4.5655e+11
710.94   4.5655e+11
711.26   4.5445e+11
711.57   4.2417e+11
711.89   4.5445e+11
712.21   4.2417e+11
712.52   4.5445e+11
712.84   4.2417e+11
713.15   4.2417e+11
713.47   4.2417e+11
713.78   4.4961e+11
714.1   4.4961e+11
714.42   4.6468e+11
714.73   5.0355e+11
715.05   4.6468e+11
715.36   4.6468e+11
715.68   4.2808e+11
716   3.3722e+11
716.31   2.5139e+11
716.63   1.6372e+11
716.94   1.6372e+11
717.26   -3.4731e+10
717.57   -3.4731e+10
717.89   -7.4375e+10
718.2   -1.1407e+11
718.52   6.9853e+10
718.83   1.5753e+11
719.15   3.9391e+11
719.46   4.9012e+11
719.78   5.1691e+11
720.09   4.9012e+11
720.41   5.2761e+11
720.72   4.9012e+11
721.04   5.2761e+11
721.35   5.3147e+11
721.67   5.3147e+11
721.98   5.3147e+11
722.29   5.3987e+11
722.61   5.3987e+11
722.92   4.8894e+11
723.24   5.3987e+11
723.55   6.0007e+11
723.87   7.2682e+11
724.18   6.3743e+11
724.5   5.7494e+11
724.81   5.7244e+11
725.12   4.7287e+11
725.44   3.1076e+11
725.75   9.9517e+10
726.07   9.9517e+10
726.38   9.9517e+10
726.69   3.7742e+10
727.01   3.7742e+10
727.32   1.7905e+11
727.63   3.4116e+11
727.95   3.4116e+11
728.26   4.161e+11
728.58   4.161e+11
728.89   4.161e+11
729.2   4.4715e+11
729.52   1.4833e+11
729.83   3.9075e+11
730.14   3.9075e+11
730.46   2.15e+10
730.77   -5.2452e+10
731.08   -5.2452e+10
731.39   -5.2452e+10
731.71   1.0544e+11
732.02   1.1146e+11
732.33   3.7509e+10
732.65   3.7509e+10
732.96   3.7509e+10
733.27   3.7509e+10
733.59   3.7509e+10
733.9   4.1144e+09
734.21   1.3549e+11
734.52   1.9183e+11
734.84   3.4312e+10
735.15   1.0941e+11
735.46   1.6533e+11
735.77   2.6693e+11
736.09   2.6693e+11
736.4   1.9727e+11
736.71   2.5332e+11
737.02   2.5332e+11
737.33   1.9727e+11
737.65   1.9727e+11
737.96   2.5332e+11
738.27   3.4136e+11
738.58   3.7908e+11
738.89   3.4136e+11
739.21   3.4355e+11
739.52   4.2195e+11
739.83   4.2195e+11
740.14   4.7433e+11
740.45   4.8763e+11
740.76   6.2248e+11
741.08   6.2248e+11
741.39   5.7246e+11
741.7   5.7246e+11
742.01   5.7246e+11
742.32   4.8763e+11
742.63   4.8763e+11
742.94   5.7246e+11
743.25   5.7246e+11
743.57   4.5086e+11
743.88   4.5086e+11
744.19   4.7095e+11
744.5   1.3964e+11
744.81   1.3964e+11
745.12   5.744e+11
745.43   5.744e+11
745.74   5.9174e+11
746.05   1.1003e+10
746.36   1.1003e+10
746.67   5.223e+11
746.99   3.9301e+11
747.3   6.291e+11
747.61   7.2857e+11
747.92   5.9928e+11
748.23   4.287e+11
748.54   4.287e+11
748.85   4.287e+11
749.16   4.287e+11
749.47   5.9928e+11
749.78   5.9928e+11
750.09   6.9817e+11
750.4   5.7467e+11
750.71   5.7467e+11
751.02   5.7467e+11
751.33   5.7467e+11
751.64   5.7467e+11
751.95   3.5079e+11
752.26   3.5079e+11
752.57   3.5079e+11
752.88   -5.968e+10
753.19   -3.7489e+11
753.5   -3.7489e+11
753.8   -3.7489e+11
754.12   -6.5372e+10
754.42   8.6676e+10
754.73   2.1386e+11
755.04   4.3663e+11
755.35   4.3663e+11
755.66   1.4629e+11
755.97   2.6553e+11
756.28   2.6553e+11
756.59   4.2753e+10
756.9   4.2753e+10
757.21   -1.8803e+10
757.51   -5.3355e+10
757.82   -5.3355e+10
758.13   -7.9956e+10
758.44   1.2277e+10
758.75   1.0043e+11
759.06   1.2277e+10
759.37   1.5825e+11
759.68   3.2583e+11
759.98   3.2583e+11
760.29   4.3069e+11
760.6   5.8327e+11
760.91   4.3069e+11
761.22   5.8327e+11
761.53   7.1501e+11
761.83   6.1908e+11
762.14   6.1908e+11
762.45   5.6243e+11
762.76   4.6135e+11
763.07   4.3779e+11
763.37   4.3779e+11
763.68   -8.6597e+09
763.99   -2.2704e+11
764.3   -3.3953e+11
764.61   -3.3953e+11
764.91   -5.9903e+11
765.22   -5.9903e+11
765.53   -2.7718e+11
765.84   -2.7718e+11
766.14   -8.1602e+11
766.45   -8.1602e+11
766.76   -5.8582e+11
767.06   -4.6981e+10
767.37   2.671e+11
767.68   -4.6981e+10
767.99   2.6402e+11
768.29   -1.2463e+10
768.6   -1.2463e+10
768.91   3.0253e+11
769.21   5.7271e+11
769.52   5.7271e+11
769.83   5.7271e+11
770.13   7.6339e+11
770.44   4.9321e+11
770.75   5.4948e+11
771.05   5.4948e+11
771.36   7.6339e+11
771.67   7.6339e+11
771.97   7.6339e+11
772.28   5.4948e+11
772.59   5.4948e+11
772.89   5.4948e+11
773.2   1.9023e+11
773.51   7.4936e+11
773.81   7.7979e+11
774.12   7.7979e+11
774.42   6.3761e+11
774.73   2.2066e+11
775.04   -2.1906e+11
775.34   2.2066e+11
775.65   3.2205e+10
775.95   -6.8622e+11
776.26   -9.8191e+11
776.57   -9.8191e+11
776.87   -9.9252e+11
777.18   -9.9252e+11
777.48   -9.9252e+11
777.79   -9.9252e+11
778.09   -9.9252e+11
778.4   -9.9252e+11
778.7   -6.4462e+11
779.01   -2.3061e+11
779.31   1.4479e+11
779.62   -1.3206e+11
779.92   -1.3206e+11
780.23   1.7083e+11
780.53   2.1068e+11
780.84   4.7676e+11
781.14   2.3975e+11
781.45   2.3975e+11
781.75   4.9381e+11
782.06   4.9381e+11
782.36   4.9381e+11
782.67   5.9742e+11
782.97   6.0933e+11
783.28   1.928e+11
783.58   5.9444e+11
783.89   1.928e+11
784.19   5.9444e+11
784.5   1.928e+11
784.8   1.928e+11
785.1   1.928e+11
785.41   -2.4281e+11
785.71   -3.2061e+11
786.02   -3.7794e+11
786.32   -3.7794e+11
786.62   -1.2618e+12
786.93   -3.7794e+11
787.23   -3.7794e+11
787.53   -3.7794e+11
787.84   -1.2618e+12
788.14   -7.3423e+11
788.45   -1.3295e+12
788.75   -1.3295e+12
789.05   -1.3295e+12
789.36   -3.8745e+11
789.66   1.2255e+11
789.96   1.2255e+11
790.27   -2.1603e+11
790.57   -2.1603e+11
790.87   1.2255e+11
791.18   3.3116e+11
791.48   3.3116e+11
791.78   7.4358e+11
792.09   1.1886e+12
792.39   9.1635e+11
792.69   1.1886e+12
793   1.062e+12
793.3   1.062e+12
793.6   1.062e+12
793.9   4.521e+11
794.21   -2.9827e+11
794.51   3.9438e+10
794.81   -7.575e+11
795.12   -7.575e+11
795.42   -7.575e+11
795.72   -7.575e+11
796.02   1.3625e+11
796.32   1.3625e+11
796.63   7.0965e+11
796.93   1.2039e+12
797.23   1.2039e+12
797.53   1.2039e+12
797.84   1.2039e+12
798.14   7.0965e+11
798.44   1.5437e+11
798.74   -5.0136e+11
799.04   -5.0136e+11
799.35   -6.3564e+10
799.65   -6.3564e+10
799.95   -6.3564e+10
