200.34   0
200.72   0
201.1   0
201.48   0
201.85   0
202.23   0
202.61   0
202.99   -0
203.36   -0
203.74   -0
204.12   0
204.5   0
204.87   -0
205.25   -0
205.63   0
206   -0
206.38   0
206.76   -0
207.13   0
207.51   0
207.89   -0
208.27   0
208.64   0
209.02   0
209.4   0
209.77   -0
210.15   0
210.53   -2.8428e+11
210.9   -2.8428e+11
211.28   -2.8428e+11
211.66   -2.7169e+11
212.03   -5.1243e+11
212.41   -1.6651e+11
212.79   -1.6651e+11
213.16   2.1262e+11
213.54   3.1562e+11
213.92   3.1562e+11
214.29   3.1562e+11
214.67   3.1562e+11
215.04   5.8139e+11
215.42   5.8139e+11
215.8   6.7048e+11
216.17   6.7048e+11
216.55   6.7048e+11
216.93   7.5637e+11
217.3   5.9335e+11
217.68   6.3251e+11
218.06   7.5637e+11
218.43   6.3251e+11
218.81   6.0808e+11
219.18   6.0808e+11
219.56   6.5481e+11
219.93   6.5481e+11
220.31   7.6791e+11
220.69   9.704e+11
221.06   1.0492e+12
221.44   1.1617e+12
221.81   1.0492e+12
222.19   1.1617e+12
222.56   1.1617e+12
222.94   1.0638e+12
223.32   1.0288e+12
223.69   1.0638e+12
224.07   1.0288e+12
224.44   1.0288e+12
224.82   9.9583e+11
225.19   9.4035e+11
225.57   9.9583e+11
225.94   9.9583e+11
226.32   1.0572e+12
226.69   1.0796e+12
227.07   1.0796e+12
227.44   1.0096e+12
227.82   1.0796e+12
228.19   1.0522e+12
228.57   1.2624e+12
228.94   1.5199e+12
229.32   1.5199e+12
229.69   1.2436e+12
230.07   1.0855e+12
230.44   1.0855e+12
230.82   1.2957e+12
231.19   1.2957e+12
231.57   1.3036e+12
231.94   1.5278e+12
232.32   1.6192e+12
232.69   1.3801e+12
233.07   1.6192e+12
233.44   1.7932e+12
233.82   1.8406e+12
234.19   1.7932e+12
234.57   1.8406e+12
234.94   1.8406e+12
235.31   1.9142e+12
235.69   1.8911e+12
236.06   1.7197e+12
236.44   2.0134e+12
236.81   2.0514e+12
237.19   1.7577e+12
237.56   1.6862e+12
237.94   1.728e+12
238.31   1.7205e+12
238.68   1.8903e+12
239.06   1.8472e+12
239.43   1.8903e+12
239.81   1.8903e+12
240.18   1.8903e+12
240.55   1.8472e+12
240.93   1.8472e+12
241.3   1.7461e+12
241.67   1.7738e+12
242.05   1.7738e+12
242.42   1.7738e+12
242.8   1.7184e+12
243.17   1.7184e+12
243.54   1.7184e+12
243.92   1.6829e+12
244.29   1.6506e+12
244.66   1.6537e+12
245.04   1.7184e+12
245.41   1.6537e+12
245.78   1.6537e+12
246.16   1.6289e+12
246.53   1.6289e+12
246.9   1.6021e+12
247.28   1.6021e+12
247.65   1.6021e+12
248.02   1.6021e+12
248.4   1.6242e+12
248.77   1.6242e+12
249.14   1.6047e+12
249.52   1.5474e+12
249.89   1.5474e+12
250.26   1.4658e+12
250.63   1.5474e+12
251.01   1.5474e+12
251.38   1.5474e+12
251.75   1.6112e+12
252.13   1.3893e+12
252.5   1.3893e+12
252.87   1.464e+12
253.25   1.7192e+12
253.62   1.562e+12
253.99   1.7192e+12
254.36   1.6458e+12
254.74   1.7192e+12
255.11   1.7192e+12
255.48   1.6792e+12
255.85   1.8145e+12
256.23   1.6792e+12
256.6   1.5962e+12
256.97   1.5962e+12
257.34   1.6846e+12
257.71   1.5962e+12
258.09   1.675e+12
258.46   1.675e+12
258.83   1.6851e+12
259.2   1.6851e+12
259.58   1.5331e+12
259.95   1.502e+12
260.32   1.502e+12
260.69   1.4728e+12
261.06   1.4728e+12
261.44   1.5123e+12
261.81   1.5123e+12
262.18   1.4253e+12
262.55   1.4253e+12
262.92   1.4253e+12
263.3   1.5123e+12
263.67   1.6612e+12
264.04   1.6612e+12
264.41   1.7558e+12
264.78   1.7558e+12
265.15   1.7949e+12
265.52   1.8502e+12
265.9   1.8502e+12
266.27   1.7768e+12
266.64   1.7768e+12
267.01   1.7096e+12
267.38   1.7096e+12
267.75   1.7959e+12
268.12   1.8639e+12
268.5   1.8639e+12
268.87   1.8232e+12
269.24   1.8232e+12
269.61   1.8232e+12
269.98   1.8411e+12
270.35   1.8639e+12
270.72   2.0216e+12
271.09   1.9789e+12
271.46   2.0472e+12
271.83   2.1549e+12
272.2   2.118e+12
272.58   2.1925e+12
272.95   2.118e+12
273.32   2.1283e+12
273.69   2.139e+12
274.06   2.1152e+12
274.43   2.1152e+12
274.8   2.1282e+12
275.17   2.1413e+12
275.54   2.1413e+12
275.91   2.1657e+12
276.28   2.1657e+12
276.65   2.2307e+12
277.02   2.2721e+12
277.39   2.2863e+12
277.76   2.3649e+12
278.13   2.3673e+12
278.5   2.3682e+12
278.87   2.3682e+12
279.25   2.4403e+12
279.62   2.4403e+12
279.99   2.4403e+12
280.36   2.4403e+12
280.73   2.4403e+12
281.1   2.4416e+12
281.46   2.441e+12
281.83   2.4737e+12
282.2   2.4737e+12
282.57   2.5134e+12
282.94   2.5134e+12
283.31   2.5134e+12
283.68   2.5247e+12
284.05   2.5356e+12
284.42   2.5356e+12
284.79   2.5347e+12
285.16   2.5399e+12
285.53   2.5399e+12
285.9   2.5709e+12
286.27   2.5399e+12
286.64   2.5399e+12
287.01   2.533e+12
287.38   2.5399e+12
287.75   2.5399e+12
288.12   2.5433e+12
288.49   2.5892e+12
288.86   2.6564e+12
289.23   2.5892e+12
289.59   2.6019e+12
289.96   2.6019e+12
290.33   2.6692e+12
290.7   2.6692e+12
291.07   2.6037e+12
291.44   2.5468e+12
291.81   2.5511e+12
292.18   2.5163e+12
292.55   2.4737e+12
292.92   2.5163e+12
293.28   2.5163e+12
293.65   2.5163e+12
294.02   2.5163e+12
294.39   2.5193e+12
294.76   2.4766e+12
295.13   2.5045e+12
295.5   2.5045e+12
295.86   2.5348e+12
296.23   2.5348e+12
296.6   2.5348e+12
296.97   2.5348e+12
297.34   2.5348e+12
297.71   2.5167e+12
298.07   2.5167e+12
298.44   2.5167e+12
298.81   2.5325e+12
299.18   2.5325e+12
299.55   2.4432e+12
299.92   2.2872e+12
300.28   2.2872e+12
300.65   2.2012e+12
301.02   2.2012e+12
301.39   2.2244e+12
301.75   2.2234e+12
302.12   2.1906e+12
302.49   2.1906e+12
302.86   2.1702e+12
303.23   2.1445e+12
303.59   2.1407e+12
303.96   2.1269e+12
304.33   2.1269e+12
304.7   2.0561e+12
305.06   1.9673e+12
305.43   1.9198e+12
305.8   1.8584e+12
306.17   1.8115e+12
306.53   1.8115e+12
306.9   1.8584e+12
307.27   1.7798e+12
307.64   1.7798e+12
308   1.8498e+12
308.37   1.8498e+12
308.74   1.8321e+12
309.11   1.8321e+12
309.47   1.783e+12
309.84   1.783e+12
310.21   1.667e+12
310.57   1.6545e+12
310.94   1.7132e+12
311.31   1.678e+12
311.67   1.678e+12
312.04   1.6318e+12
312.41   1.6318e+12
312.77   1.6749e+12
313.14   1.6749e+12
313.51   1.6749e+12
313.88   1.6749e+12
314.24   1.5638e+12
314.61   1.5371e+12
314.98   1.4706e+12
315.34   1.4654e+12
315.71   1.4464e+12
316.07   1.4062e+12
316.44   1.3844e+12
316.81   1.3714e+12
317.17   1.3596e+12
317.54   1.3596e+12
317.91   1.3596e+12
318.27   1.3596e+12
318.64   1.3559e+12
319   1.3656e+12
319.37   1.3559e+12
319.74   1.3559e+12
320.1   1.335e+12
320.47   1.2944e+12
320.83   1.2717e+12
321.2   1.2446e+12
321.57   1.2446e+12
321.93   1.2446e+12
322.3   1.2446e+12
322.66   1.2446e+12
323.03   1.2944e+12
323.39   1.2446e+12
323.76   1.1913e+12
324.13   1.1627e+12
324.49   1.122e+12
324.86   1.07e+12
325.22   1.07e+12
325.59   1.07e+12
325.95   1.0847e+12
326.32   1.0847e+12
326.69   1.07e+12
327.05   1.07e+12
327.42   1.0847e+12
327.78   1.07e+12
328.15   1.0922e+12
328.51   1.1107e+12
328.88   1.1107e+12
329.24   1.1107e+12
329.61   1.0764e+12
329.97   1.0212e+12
330.34   1.0212e+12
330.7   1.0087e+12
331.07   1.0087e+12
331.43   1.0087e+12
331.8   9.779e+11
332.16   9.779e+11
332.52   9.4609e+11
332.89   9.4593e+11
333.25   9.6339e+11
333.62   9.6339e+11
333.98   9.6339e+11
334.35   9.6339e+11
334.71   9.6339e+11
335.08   9.6339e+11
335.44   9.6339e+11
335.81   9.6057e+11
336.17   9.6057e+11
336.54   9.6057e+11
336.9   9.4778e+11
337.26   9.2128e+11
337.63   9.2128e+11
337.99   9.2128e+11
338.36   9.0259e+11
338.72   8.9416e+11
339.08   8.2795e+11
339.45   8.2795e+11
339.81   8.2292e+11
340.18   7.5597e+11
340.54   7.5597e+11
340.9   7.183e+11
341.27   7.0227e+11
341.63   6.2812e+11
342   7.0227e+11
342.36   7.0227e+11
342.72   7.0521e+11
343.09   6.6359e+11
343.45   6.6359e+11
343.81   6.6359e+11
344.18   6.6359e+11
344.54   6.6359e+11
344.9   6.9792e+11
345.27   7.0556e+11
345.63   6.7711e+11
345.99   7.053e+11
346.36   6.7711e+11
346.72   7.053e+11
347.08   7.053e+11
347.45   7.053e+11
347.81   5.6585e+11
348.17   5.6585e+11
348.54   5.6585e+11
348.9   5.0286e+11
349.26   5.9206e+11
349.62   5.2582e+11
349.99   5.2582e+11
350.35   5.185e+11
350.71   5.185e+11
351.08   5.5144e+11
351.44   5.5144e+11
351.8   5.5144e+11
352.16   5.3534e+11
352.53   5.2866e+11
352.89   5.2866e+11
353.25   5.2866e+11
353.61   5.3744e+11
353.98   5.6087e+11
354.34   5.6087e+11
354.7   5.2866e+11
355.06   5.6087e+11
355.43   5.8656e+11
355.79   5.8656e+11
356.15   5.8656e+11
356.51   5.57e+11
356.88   5.57e+11
357.24   5.3024e+11
357.6   5.144e+11
357.96   4.2677e+11
358.32   5.144e+11
358.69   5.144e+11
359.05   5.144e+11
359.41   5.144e+11
359.77   4.2793e+11
360.13   4.2793e+11
360.49   4.2793e+11
360.86   3.5545e+11
361.22   3.5545e+11
361.58   4.2354e+11
361.94   4.1736e+11
362.3   4.04e+11
362.66   3.5545e+11
363.03   3.9088e+11
363.39   3.9088e+11
363.75   3.2632e+11
364.11   3.486e+11
364.47   3.8424e+11
364.83   3.8424e+11
365.19   3.3249e+11
365.56   3.3249e+11
365.92   3.0697e+11
366.28   3.3249e+11
366.64   3.0697e+11
367   3.3249e+11
367.36   3.8758e+11
367.72   3.7832e+11
368.08   3.3687e+11
368.44   3.9174e+11
368.8   4.7518e+11
369.17   4.3372e+11
369.53   4.9429e+11
369.89   4.434e+11
370.25   4.434e+11
370.61   4.434e+11
370.97   3.8283e+11
371.33   4.434e+11
371.69   4.434e+11
372.05   4.0521e+11
372.41   4.0521e+11
372.77   4.0521e+11
373.13   4.0521e+11
373.49   4.0833e+11
373.85   4.0833e+11
374.21   3.9219e+11
374.57   3.9969e+11
374.93   3.9969e+11
375.29   3.9969e+11
375.65   3.9759e+11
376.01   3.9009e+11
376.37   3.9759e+11
376.73   3.9759e+11
377.09   3.9759e+11
377.45   3.9759e+11
377.81   3.9759e+11
378.17   3.8127e+11
378.53   3.4995e+11
378.89   2.9231e+11
379.25   2.9231e+11
379.61   3.2628e+11
379.97   2.4774e+11
380.33   2.4774e+11
380.69   2.4774e+11
381.05   2.4774e+11
381.41   2.6527e+11
381.77   2.6527e+11
382.13   3.1553e+11
382.49   3.1553e+11
382.85   2.7557e+11
383.21   2.7557e+11
383.57   2.7557e+11
383.93   2.7557e+11
384.29   2.5644e+11
384.64   2.7557e+11
385   2.6398e+11
385.36   2.6398e+11
385.72   2.6398e+11
386.08   2.8633e+11
386.44   2.7328e+11
386.8   2.4946e+11
387.16   2.7328e+11
387.52   2.7328e+11
387.88   2.9781e+11
388.23   2.9781e+11
388.59   3.2748e+11
388.95   3.6798e+11
389.31   3.6798e+11
389.67   3.9157e+11
390.03   3.9157e+11
390.38   3.9157e+11
390.74   3.9157e+11
391.1   4.0344e+11
391.46   4.0344e+11
391.82   3.9285e+11
392.18   3.7709e+11
392.54   3.7709e+11
392.89   3.0514e+11
393.25   2.7024e+11
393.61   2.7024e+11
393.97   3.4218e+11
394.33   3.0099e+11
394.68   2.8719e+11
395.04   2.8719e+11
395.4   2.8719e+11
395.76   2.8719e+11
396.12   2.7156e+11
396.47   2.8719e+11
396.83   3.0854e+11
397.19   3.0854e+11
397.55   3.0854e+11
397.9   2.7911e+11
398.26   3.4398e+11
398.62   3.4398e+11
398.98   3.4398e+11
399.33   3.3575e+11
399.69   3.2165e+11
400.05   2.1784e+11
400.41   2.1784e+11
400.76   2.1784e+11
401.12   2.1784e+11
401.48   2.3799e+11
401.84   2.3799e+11
402.19   2.5864e+11
402.55   2.5864e+11
402.91   2.7616e+11
403.26   2.9371e+11
403.62   2.9843e+11
403.98   2.9371e+11
404.34   2.8471e+11
404.69   2.8311e+11
405.05   2.9062e+11
405.41   2.9211e+11
405.76   2.9925e+11
406.12   2.9925e+11
406.48   2.9211e+11
406.83   2.8311e+11
407.19   2.738e+11
407.55   2.738e+11
407.9   2.6362e+11
408.26   2.6362e+11
408.62   2.5345e+11
408.97   2.3487e+11
409.33   1.8417e+11
409.69   1.8417e+11
410.04   1.899e+11
410.4   1.899e+11
410.75   1.899e+11
411.11   2.2465e+11
411.47   2.2465e+11
411.82   2.2465e+11
412.18   1.9483e+11
412.53   2.4188e+11
412.89   2.5739e+11
413.25   2.7659e+11
413.6   2.9586e+11
413.96   2.7988e+11
414.31   2.5838e+11
414.67   2.5838e+11
415.02   2.808e+11
415.38   3.0452e+11
415.74   3.0452e+11
416.09   3.0452e+11
416.45   2.7857e+11
416.8   2.5057e+11
417.16   2.2122e+11
417.51   2.5057e+11
417.87   2.5754e+11
418.23   1.9876e+11
418.58   1.3321e+11
418.94   1.3321e+11
419.29   1.3321e+11
419.65   1.1546e+11
420   1.3785e+11
420.36   1.7492e+11
420.71   1.7492e+11
421.07   1.7492e+11
421.42   1.7492e+11
421.78   2.0857e+11
422.13   2.3634e+11
422.49   2.3634e+11
422.84   2.3634e+11
423.2   2.3634e+11
423.55   2.3634e+11
423.91   2.1234e+11
424.26   2.1234e+11
424.62   2.1234e+11
424.97   2.1884e+11
425.32   1.7325e+11
425.68   1.2101e+11
426.03   1.2101e+11
426.39   1.7137e+11
426.74   1.7137e+11
427.1   1.9458e+11
427.45   1.9458e+11
427.81   1.9458e+11
428.16   1.9458e+11
428.51   1.9458e+11
428.87   2.0156e+11
429.22   2.1807e+11
429.58   2.1925e+11
429.93   2.0934e+11
430.28   2.0119e+11
430.64   2.0063e+11
430.99   2.0934e+11
431.35   2.0934e+11
431.7   2.0181e+11
432.05   2.0181e+11
432.41   1.8089e+11
432.76   1.5894e+11
433.11   1.2984e+11
433.47   1.0852e+11
433.82   1.0852e+11
434.18   1.2984e+11
434.53   1.2984e+11
434.88   1.7372e+11
435.24   2.0984e+11
435.59   1.7372e+11
435.94   2.0984e+11
436.3   2.2507e+11
436.65   2.2507e+11
437   2.2507e+11
437.36   2.1346e+11
437.71   2.1286e+11
438.06   1.5425e+11
438.41   1.4359e+11
438.77   9.7031e+10
439.12   1.183e+11
439.47   1.046e+11
439.83   9.0167e+10
440.18   9.0167e+10
440.53   1.1143e+11
440.88   1.1143e+11
441.24   1.1133e+11
441.59   1.1133e+11
441.94   8.7213e+10
442.3   8.7213e+10
442.65   5.052e+10
443   5.052e+10
443.35   5.052e+10
443.7   3.2041e+10
444.06   3.2041e+10
444.41   5.8215e+10
444.76   5.8215e+10
445.11   3.2041e+10
445.47   3.2041e+10
445.82   9.4854e+10
446.17   1.107e+11
446.52   5.5586e+10
446.88   5.5586e+10
447.23   3.1293e+10
447.58   -6.0845e+09
447.93   -9.4337e+09
448.28   -1.6361e+10
448.63   -9.4337e+09
448.99   -6.6684e+09
449.34   -6.6684e+09
449.69   -1.6361e+10
450.04   -3.3955e+10
450.39   -1.5559e+10
450.75   -1.2209e+10
451.1   2.5022e+10
451.45   7.7084e+10
451.8   7.7084e+10
452.15   7.7084e+10
452.5   7.7084e+10
452.85   6.3783e+10
453.2   6.3783e+10
453.56   6.3783e+10
453.91   7.7084e+10
454.26   8.0843e+10
454.61   7.3482e+10
454.96   5.3279e+10
455.31   7.3482e+10
455.66   6.5169e+10
456.01   5.0763e+10
456.37   5.951e+10
456.72   8.1251e+10
457.07   8.6047e+10
457.42   7.8711e+10
457.77   5.951e+10
458.12   5.2479e+10
458.47   7.8711e+10
458.82   7.8711e+10
459.17   8.6047e+10
459.52   1.3501e+11
459.87   1.3742e+11
460.22   1.7007e+11
460.57   1.7007e+11
460.92   1.7007e+11
461.27   1.7007e+11
461.62   1.7007e+11
461.97   3.4568e+10
462.32   -4.0266e+09
462.68   -6.5705e+10
463.02   -6.5705e+10
463.38   -6.5705e+10
463.73   -7.3082e+10
464.07   -5.4394e+10
464.43   -5.4394e+10
464.77   -4.7017e+10
465.12   1.5035e+10
465.48   8.3655e+10
465.82   9.5219e+10
466.17   9.8814e+10
466.52   9.8814e+10
466.87   6.1304e+10
467.22   6.1304e+10
467.57   7.9351e+10
467.92   9.8814e+10
468.27   7.9351e+10
468.62   4.2868e+10
468.97   4.2868e+10
469.32   3.1572e+10
469.67   3.1572e+10
470.02   -2.3927e+10
470.37   4.962e+10
470.72   6.6449e+10
471.07   5.5153e+10
471.42   -1.2753e+10
471.76   2.6951e+09
472.11   5.5153e+10
472.46   3.6969e+10
472.81   5.3798e+10
473.16   6.7459e+10
473.51   1.0322e+11
473.86   6.7459e+10
474.21   5.8941e+10
474.56   8.9768e+10
474.9   8.9768e+10
475.25   8.9768e+10
475.6   8.5476e+10
475.95   8.5476e+10
476.3   7.4234e+10
476.65   -1.5986e+09
477   -2.6838e+10
477.35   4.0961e+10
477.69   4.0961e+10
478.04   4.0961e+10
478.39   4.0961e+10
478.74   7.7443e+10
479.09   6.8835e+10
479.43   6.8835e+10
479.78   4.3596e+10
480.13   5.4939e+10
480.48   5.4939e+10
480.83   3.0778e+10
481.18   1.4057e+10
481.52   1.4057e+10
481.87   3.0778e+10
482.22   1.4057e+10
482.57   -9.7777e+09
482.91   -9.7777e+09
483.26   -2.635e+10
483.61   -2.635e+10
483.96   -6.8627e+08
484.3   8.5914e+09
484.65   3.1925e+10
485   -3.0164e+09
485.35   -5.8e+09
485.69   1.9363e+10
486.04   3.199e+10
486.39   3.9172e+10
486.74   3.9172e+10
487.08   2.9329e+10
487.43   1.9487e+10
487.78   1.9487e+10
488.12   2.3364e+10
488.47   3.3206e+10
488.82   3.9172e+10
489.17   3.3206e+10
489.51   2.6945e+10
489.86   2.0409e+10
490.21   1.0677e+10
490.55   1.0677e+10
490.9   2.6945e+10
491.25   1.9657e+10
491.59   1.9657e+10
491.94   1.9657e+10
492.29   1.9657e+10
492.63   6.3438e+09
492.98   2.1498e+10
493.33   3.233e+10
493.67   6.1293e+10
494.02   6.1293e+10
494.37   6.1293e+10
494.71   6.1293e+10
495.06   6.1293e+10
495.4   3.6318e+10
495.75   1.0233e+10
496.1   -1.4745e+10
496.44   -2.8604e+10
496.79   -2.8604e+10
497.13   -2.8604e+10
497.48   -2.5333e+10
497.83   -2.5333e+10
498.17   -1.9793e+10
498.52   -1.9793e+10
498.86   1.229e+10
499.21   1.7905e+10
499.56   1.7905e+10
499.9   2.4791e+10
500.25   1.7905e+10
500.59   2.4791e+10
500.94   2.4791e+10
501.28   1.6461e+10
501.63   3.1779e+10
501.97   1.6461e+10
502.32   -3.7217e+09
502.67   -5.555e+09
503.01   6.6374e+08
503.36   6.6374e+08
503.7   6.6374e+08
504.05   6.6374e+08
504.39   -8.3384e+09
504.74   1.0558e+10
505.08   1.0558e+10
505.43   4.4776e+10
505.77   6.644e+10
506.12   7.0801e+10
506.46   6.644e+10
506.81   6.644e+10
507.15   6.644e+10
507.5   5.7734e+10
507.84   6.644e+10
508.18   5.7734e+10
508.53   4.6388e+10
508.87   4.6388e+10
509.22   4.6388e+10
509.56   3.4277e+10
509.91   3.4277e+10
510.25   3.4277e+10
510.6   3.4277e+10
510.94   5.1284e+10
511.28   3.2577e+10
511.63   1.8868e+10
511.97   4.0939e+10
512.32   4.2357e+10
512.66   1.8868e+10
513   1.8868e+10
513.35   1.8868e+10
513.69   3.3531e+10
514.04   4.3833e+10
514.38   4.3833e+10
514.72   4.8088e+10
515.07   4.8088e+10
515.41   4.8088e+10
515.75   4.8088e+10
516.1   4.8088e+10
516.44   6.8386e+10
516.79   9.008e+10
517.13   6.8386e+10
517.47   6.8386e+10
517.82   7.3041e+10
518.16   9.3862e+10
518.5   9.3862e+10
518.85   9.3862e+10
519.19   9.3986e+10
519.53   9.3986e+10
519.88   7.6248e+10
520.22   5.4184e+10
520.56   5.4184e+10
520.9   7.3196e+10
521.25   6.7563e+10
521.59   5.323e+10
521.93   6.7563e+10
522.28   5.323e+10
522.62   4.2338e+10
522.96   4.2338e+10
523.3   4.2338e+10
523.65   6.0283e+10
523.99   7.4616e+10
524.33   7.4616e+10
524.67   5.5669e+10
525.02   8.6111e+10
525.36   5.5669e+10
525.7   6.7667e+10
526.04   6.7667e+10
526.39   7.6324e+10
526.73   8.8821e+10
527.07   7.0376e+10
527.41   7.0376e+10
527.76   7.0376e+10
528.1   9.5322e+10
528.44   7.0376e+10
528.78   7.0376e+10
529.12   6.0497e+10
529.47   6.3611e+10
529.81   7.9899e+10
530.15   7.6433e+10
530.49   1.0814e+11
530.83   8.3239e+10
531.18   5.4994e+10
531.52   5.4994e+10
531.86   8.3239e+10
532.2   1.0871e+11
532.54   1.6802e+11
532.88   1.779e+11
533.23   1.2263e+11
533.57   1.4521e+11
533.91   1.7565e+11
534.25   1.7565e+11
534.59   1.7565e+11
534.93   1.4822e+11
535.27   1.4822e+11
535.61   1.4585e+11
535.96   1.4585e+11
536.3   1.4763e+11
536.64   1.4763e+11
536.98   1.4763e+11
537.32   1.4031e+11
537.66   1.4031e+11
538   1.4763e+11
538.34   1.682e+11
538.68   1.4763e+11
539.02   1.2591e+11
539.36   1.2591e+11
539.7   1.4509e+11
540.04   1.7244e+11
540.38   1.283e+11
540.73   1.7244e+11
541.07   1.853e+11
541.41   1.853e+11
541.75   1.9939e+11
542.09   2.2204e+11
542.43   2.2204e+11
542.77   2.1751e+11
543.11   2.3065e+11
543.45   2.3065e+11
543.79   2.3065e+11
544.13   2.2241e+11
544.47   2.2803e+11
544.81   2.2803e+11
545.15   2.2803e+11
545.49   2.2803e+11
545.83   2.1784e+11
546.17   2.1606e+11
546.51   1.9989e+11
546.85   1.9989e+11
547.19   2.2917e+11
547.53   2.2917e+11
547.87   2.2917e+11
548.21   1.9989e+11
548.54   1.9989e+11
548.88   1.9989e+11
549.22   2.1683e+11
549.56   2.1683e+11
549.9   2.3155e+11
550.24   2.3155e+11
550.58   2.0162e+11
550.92   2.0162e+11
551.26   2.0162e+11
551.6   2.4468e+11
551.94   2.2953e+11
552.28   2.2953e+11
552.62   2.3494e+11
552.95   2.3494e+11
553.29   2.3494e+11
553.63   2.3494e+11
553.97   2.5785e+11
554.31   2.5785e+11
554.65   2.5785e+11
554.99   2.5785e+11
555.33   2.5809e+11
555.66   2.3518e+11
556   2.4081e+11
556.34   2.4081e+11
556.68   2.4081e+11
557.02   2.4081e+11
557.36   2.4081e+11
557.69   2.5101e+11
558.03   2.5101e+11
558.37   2.5101e+11
558.71   2.5101e+11
559.05   2.8456e+11
559.38   3.3026e+11
559.72   3.3026e+11
560.06   3.0574e+11
560.4   3.3026e+11
560.74   3.7371e+11
561.07   3.6186e+11
561.41   3.6186e+11
561.75   3.6108e+11
562.09   3.6108e+11
562.42   3.6108e+11
562.76   3.246e+11
563.1   3.6108e+11
563.44   3.6108e+11
563.77   3.4911e+11
564.11   3.4911e+11
564.45   3.4528e+11
564.79   3.8176e+11
565.12   3.9718e+11
565.46   4.4362e+11
565.8   4.4362e+11
566.14   4.4362e+11
566.47   4.4362e+11
566.81   4.8165e+11
567.15   4.8165e+11
567.48   5.3003e+11
567.82   5.4451e+11
568.16   5.6634e+11
568.5   5.6634e+11
568.83   5.4451e+11
569.17   5.4451e+11
569.5   5.4451e+11
569.84   5.4451e+11
570.18   5.1907e+11
570.51   5.4451e+11
570.85   5.457e+11
571.19   5.352e+11
571.52   4.896e+11
571.86   5.352e+11
572.2   5.6515e+11
572.53   5.6816e+11
572.87   5.9428e+11
573.21   5.9125e+11
573.54   6.1706e+11
573.88   6.1278e+11
574.21   6.1278e+11
574.55   6.1706e+11
574.89   6.1706e+11
575.22   6.2462e+11
575.56   6.4909e+11
575.89   6.4909e+11
576.23   6.3992e+11
576.57   6.478e+11
576.9   6.478e+11
577.24   6.478e+11
577.57   6.2474e+11
577.91   6.2474e+11
578.24   6.478e+11
578.58   6.478e+11
578.91   6.5587e+11
579.25   6.9649e+11
579.59   6.9649e+11
579.92   6.9649e+11
580.26   6.733e+11
580.59   6.9649e+11
580.93   6.9649e+11
581.26   7.1527e+11
581.6   7.714e+11
581.93   7.7292e+11
582.27   7.7292e+11
582.6   7.9533e+11
582.94   7.9533e+11
583.27   8.3312e+11
583.61   8.3312e+11
583.94   8.3218e+11
584.27   8.3548e+11
584.61   8.212e+11
584.95   8.0561e+11
585.28   8.0561e+11
585.61   8.0561e+11
585.95   7.8747e+11
586.28   7.8747e+11
586.62   7.8747e+11
586.95   8.0196e+11
587.29   8.0658e+11
587.62   8.0658e+11
587.95   8.0658e+11
588.29   8.0726e+11
588.62   8.185e+11
588.96   8.185e+11
589.29   8.1959e+11
589.62   8.3663e+11
589.96   8.1959e+11
590.29   8.1959e+11
590.63   8.3663e+11
590.96   8.7495e+11
591.29   8.7495e+11
591.63   8.8243e+11
591.96   8.8243e+11
592.29   8.8243e+11
592.63   9.0495e+11
592.96   9.4218e+11
593.29   9.6368e+11
593.63   9.8272e+11
593.96   9.8272e+11
594.3   9.8272e+11
594.63   1.0153e+12
594.96   1.0153e+12
595.29   1.0512e+12
595.63   1.0647e+12
595.96   1.0682e+12
596.29   1.0682e+12
596.63   1.0682e+12
596.96   1.0682e+12
597.29   1.0745e+12
597.63   1.0682e+12
597.96   1.0628e+12
598.29   1.0682e+12
598.62   1.0724e+12
598.96   1.0724e+12
599.29   1.0826e+12
599.62   1.0903e+12
599.96   1.11e+12
600.29   1.1269e+12
600.62   1.1269e+12
600.95   1.1335e+12
601.29   1.1335e+12
601.62   1.1269e+12
601.95   1.1335e+12
602.28   1.1269e+12
602.62   1.0945e+12
602.95   1.0556e+12
603.28   1.0556e+12
603.61   1.0556e+12
603.94   1.1021e+12
604.27   1.0964e+12
604.61   1.1026e+12
604.94   1.1307e+12
605.27   1.1307e+12
605.6   1.1364e+12
605.93   1.1364e+12
606.27   1.1903e+12
606.6   1.1364e+12
606.93   1.1364e+12
607.26   1.1443e+12
607.59   1.1443e+12
607.92   1.1609e+12
608.25   1.1609e+12
608.59   1.1566e+12
608.92   1.1566e+12
609.25   1.1566e+12
609.58   1.1284e+12
609.91   1.1566e+12
610.24   1.1607e+12
610.57   1.1379e+12
610.9   1.1802e+12
611.24   1.1748e+12
611.57   1.1748e+12
611.9   1.1987e+12
612.23   1.2516e+12
612.56   1.3231e+12
612.89   1.3231e+12
613.22   1.2516e+12
613.55   1.1647e+12
613.88   1.204e+12
614.21   1.1647e+12
614.54   1.1596e+12
614.87   1.1989e+12
615.2   1.1596e+12
615.53   1.1596e+12
615.87   1.1596e+12
616.2   1.1446e+12
616.53   1.1446e+12
616.86   1.1989e+12
617.19   1.1844e+12
617.52   1.2138e+12
617.85   1.2138e+12
618.18   1.2138e+12
618.51   1.2499e+12
618.84   1.2218e+12
619.17   1.1537e+12
619.5   1.1537e+12
619.83   1.1537e+12
620.16   1.1048e+12
620.49   1.0815e+12
620.82   1.0815e+12
621.14   1.0815e+12
621.47   1.0815e+12
621.8   1.0815e+12
622.13   1.0815e+12
622.46   1.0835e+12
622.79   1.1522e+12
623.12   1.1522e+12
623.45   1.1522e+12
623.78   1.1833e+12
624.11   1.2132e+12
624.44   1.2735e+12
624.77   1.2735e+12
625.1   1.2735e+12
625.42   1.2213e+12
625.75   1.2213e+12
626.08   1.1622e+12
626.41   1.1943e+12
626.74   1.2453e+12
627.07   1.2601e+12
627.4   1.2331e+12
627.73   1.1976e+12
628.06   1.2331e+12
628.38   1.2331e+12
628.71   1.2932e+12
629.04   1.2331e+12
629.37   1.2331e+12
629.7   1.2932e+12
630.03   1.2124e+12
630.36   1.2576e+12
630.68   1.3695e+12
631.01   1.3695e+12
631.34   1.222e+12
631.67   1.1916e+12
632   1.1013e+12
632.32   1.1916e+12
632.65   1.2378e+12
632.98   1.2378e+12
633.31   1.2915e+12
633.64   1.2378e+12
633.96   1.1618e+12
634.29   1.2261e+12
634.62   1.2657e+12
634.95   1.2261e+12
635.27   1.2261e+12
635.6   1.2261e+12
635.93   1.2494e+12
636.26   1.2157e+12
636.58   1.2076e+12
636.91   1.2367e+12
637.24   1.2367e+12
637.57   1.2367e+12
637.89   1.2367e+12
638.22   1.2367e+12
638.55   1.2367e+12
638.88   1.207e+12
639.2   1.1545e+12
639.53   1.1545e+12
639.86   1.1545e+12
640.18   1.1134e+12
640.51   1.1545e+12
640.84   1.1545e+12
641.16   1.1134e+12
641.49   1.1085e+12
641.82   1.1042e+12
642.14   1.1189e+12
642.47   1.0915e+12
642.8   1.1433e+12
643.12   1.1433e+12
643.45   1.1433e+12
643.78   1.1433e+12
644.1   1.0915e+12
644.43   1.1433e+12
644.75   1.1208e+12
645.08   1.1822e+12
645.41   1.1304e+12
645.73   1.2053e+12
646.06   1.2053e+12
646.38   1.2213e+12
646.71   1.2213e+12
647.04   1.254e+12
647.36   1.254e+12
647.69   1.2124e+12
648.01   1.2124e+12
648.34   1.2195e+12
648.67   1.239e+12
648.99   1.2351e+12
649.32   1.187e+12
649.64   1.1374e+12
649.97   1.1305e+12
650.29   1.0858e+12
650.62   1.051e+12
650.94   1.051e+12
651.27   1.1423e+12
651.6   1.0208e+12
651.92   9.6098e+11
652.25   9.6098e+11
652.57   1.0013e+12
652.89   1.0013e+12
653.22   9.9888e+11
653.54   9.9888e+11
653.87   1.0558e+12
654.2   9.9888e+11
654.52   9.6073e+11
654.85   9.7854e+11
655.17   9.7854e+11
655.49   9.5759e+11
655.82   9.5759e+11
656.14   9.3704e+11
656.47   9.3222e+11
656.79   9.3757e+11
657.12   9.3757e+11
657.44   9.412e+11
657.77   9.1582e+11
658.09   9.1582e+11
658.41   9.4234e+11
658.74   9.724e+11
659.06   9.724e+11
659.39   9.9389e+11
659.71   9.9389e+11
660.03   9.724e+11
660.36   9.9389e+11
660.68   9.9389e+11
661.01   9.9389e+11
661.33   8.676e+11
661.65   7.5266e+11
661.98   7.5266e+11
662.3   7.5266e+11
662.62   6.975e+11
662.95   7.2317e+11
663.27   8.6002e+11
663.6   8.6002e+11
663.92   9.9389e+11
664.24   9.9389e+11
664.57   1.0462e+12
664.89   1.088e+12
665.21   1.0462e+12
665.54   1.0462e+12
665.86   1.0462e+12
666.18   9.9209e+11
666.5   9.0303e+11
666.83   9.0303e+11
667.15   8.269e+11
667.47   7.7698e+11
667.8   7.7698e+11
668.12   7.6458e+11
668.44   7.3728e+11
668.76   7.4109e+11
669.09   7.4109e+11
669.41   7.4109e+11
669.73   7.4109e+11
670.06   7.4109e+11
670.38   7.4899e+11
670.7   7.4899e+11
671.02   7.0327e+11
671.35   7.0407e+11
671.67   6.9354e+11
671.99   6.9354e+11
672.31   7.3926e+11
672.63   6.7859e+11
672.96   7.3926e+11
673.28   7.3926e+11
673.6   7.196e+11
673.92   7.196e+11
674.24   7.196e+11
674.57   7.1488e+11
674.89   7.1488e+11
675.21   7.1488e+11
675.53   6.7387e+11
675.85   6.4966e+11
676.17   6.0128e+11
676.5   6.0128e+11
676.82   6.0128e+11
677.14   5.8132e+11
677.46   6.0128e+11
677.78   6.7846e+11
678.1   6.7846e+11
678.42   6.2278e+11
678.75   6.2278e+11
679.07   5.7054e+11
679.39   6.8682e+11
679.71   6.0742e+11
680.03   6.0742e+11
680.35   6.0742e+11
680.67   5.2747e+11
680.99   5.2747e+11
681.31   6.0742e+11
681.63   6.8239e+11
681.96   6.8588e+11
682.28   7.1227e+11
682.6   7.1227e+11
682.92   7.1227e+11
683.24   6.7698e+11
683.56   7.4578e+11
683.88   7.8208e+11
684.2   7.4578e+11
684.52   6.7698e+11
684.84   6.1707e+11
685.16   5.0945e+11
685.48   5.4297e+11
685.8   5.2205e+11
686.12   6.3521e+11
686.44   6.3521e+11
686.76   6.3521e+11
687.08   4.8861e+11
687.4   4.8861e+11
687.72   4.8861e+11
688.04   6.3521e+11
688.36   6.9445e+11
688.68   6.9445e+11
689   6.6102e+11
689.32   5.2013e+11
689.64   2.3925e+11
689.96   1.2402e+11
690.28   2.3925e+11
690.6   2.9912e+11
690.92   3.3507e+11
691.24   2.9912e+11
691.56   2.9912e+11
691.88   2.5303e+11
692.19   2.5303e+11
692.51   2.5303e+11
692.83   3.142e+11
693.15   3.142e+11
693.47   3.142e+11
693.79   2.8898e+11
694.11   3.5122e+11
694.43   5.0232e+11
694.75   3.2871e+11
695.07   3.2871e+11
695.38   1.7051e+11
695.7   3.2871e+11
696.02   4.0495e+11
696.34   3.4781e+11
696.66   1.6245e+11
696.98   1.6245e+11
697.29   4.1085e+10
697.61   4.1085e+10
697.93   1.3504e+11
698.25   1.3504e+11
698.57   3.4368e+11
698.89   3.4368e+11
699.2   2.1798e+11
699.52   3.4368e+11
699.84   4.6342e+11
700.16   4.6342e+11
700.48   5.9556e+11
700.79   5.9556e+11
701.11   3.3771e+11
701.43   3.3771e+11
701.75   1.6775e+11
702.07   1.5192e+11
702.38   1.5192e+11
702.7   1.5192e+11
703.02   1.5192e+11
703.34   2.9681e+11
703.65   1.5192e+11
703.97   2.6188e+11
704.29   4.0275e+11
704.61   5.2975e+11
704.92   6.3357e+11
705.24   6.3357e+11
705.56   6.6082e+11
705.87   6.6082e+11
706.19   6.3357e+11
706.51   4.9481e+11
706.83   4.9481e+11
707.14   5.0502e+11
707.46   3.731e+11
707.77   2.6034e+11
708.09   2.6034e+11
708.41   1.3559e+11
708.73   7.8258e+10
709.04   1.4183e+09
709.36   1.4183e+09
709.67   3.1619e+10
709.99   1.6911e+11
710.31   -7.0007e+10
710.62   1.6911e+11
710.94   -9.3538e+09
711.26   -9.3538e+09
711.57   3.7306e+11
711.89   3.7306e+11
712.21   3.7306e+11
712.52   2.122e+11
712.84   2.122e+11
713.15   3.1192e+11
713.47   3.1192e+11
713.78   3.1192e+11
714.1   3.9523e+11
714.42   3.0058e+11
714.73   2.1727e+11
715.05   3.0058e+11
715.36   3.0058e+11
715.68   3.0058e+11
716   2.0056e+11
716.31   1.1058e+11
716.63   1.1058e+11
716.94   1.1058e+11
717.26   -8.7988e+09
717.57   -6.3569e+10
717.89   -6.3569e+10
718.2   -6.3569e+10
718.52   -6.3569e+10
718.83   -6.3569e+10
719.15   2.7955e+10
719.46   9.8574e+10
719.78   1.4637e+11
720.09   9.8574e+10
720.41   9.8574e+10
720.72   9.8574e+10
721.04   1.4637e+11
721.35   1.3943e+11
721.67   1.3491e+11
721.98   -1.5375e+11
722.29   -1.5375e+11
722.61   -4.5509e+11
722.92   -5.8178e+11
723.24   -4.5509e+11
723.55   -1.6644e+11
723.87   2.8169e+11
724.18   2.8169e+11
724.5   2.8169e+11
724.81   2.0076e+11
725.12   5.6992e+11
725.44   2.0076e+11
725.75   2.0076e+11
726.07   2.0076e+11
726.38   -5.369e+10
726.69   -5.369e+10
727.01   -5.369e+10
727.32   -5.369e+10
727.63   3.201e+10
727.95   6.8075e+10
728.26   6.8075e+10
728.58   6.8075e+10
728.89   6.8075e+10
729.2   6.8075e+10
729.52   6.8075e+10
729.83   -2.314e+11
730.14   -2.499e+11
730.46   -3.426e+11
730.77   -3.426e+11
731.08   -6.8697e+11
731.39   -6.8697e+11
731.71   -6.8697e+11
732.02   -4.8696e+11
732.33   -4.8696e+11
732.65   -6.6341e+11
732.96   -4.5838e+11
733.27   -4.5838e+11
733.59   -6.6341e+11
733.9   -8.787e+11
734.21   -6.7869e+11
734.52   -6.7869e+11
734.84   -4.5838e+11
735.15   -4.3399e+11
735.46   -3.8354e+11
735.77   -3.4525e+11
736.09   -3.4525e+11
736.4   -1.8527e+11
736.71   8.8613e+10
737.02   1.2215e+11
737.33   1.5445e+10
737.65   1.2215e+11
737.96   1.2215e+11
738.27   2.5025e+11
738.58   1.7708e+11
738.89   8.3914e+10
739.21   8.3914e+10
739.52   8.3914e+10
739.83   3.3303e+10
740.14   -7.2312e+10
740.45   -7.2312e+10
740.76   -7.2312e+10
741.08   -2.9171e+11
741.39   -4.8404e+11
741.7   -4.8404e+11
742.01   -4.8404e+11
742.32   -2.7798e+11
742.63   -4.8404e+11
742.94   -5.5682e+11
743.25   -3.5077e+11
743.57   -4.1805e+11
743.88   -5.5664e+11
744.19   -5.3288e+11
744.5   -5.3288e+11
744.81   -6.6601e+11
745.12   -6.6601e+11
745.43   -8.1845e+11
745.74   -6.9686e+11
746.05   -6.6601e+11
746.36   -6.6601e+11
746.67   -5.3288e+11
746.99   -4.5644e+11
747.3   -4.6865e+11
747.61   -9.5044e+10
747.92   -9.5044e+10
748.23   1.4295e+11
748.54   1.4295e+11
748.85   1.4295e+11
749.16   -2.1812e+11
749.47   -6.8065e+11
749.78   -9.81e+11
750.09   -9.81e+11
750.4   -7.5025e+11
750.71   -7.5025e+11
751.02   -7.5025e+11
751.33   -7.5025e+11
751.64   -6.2098e+11
751.95   -5.8643e+11
752.26   -5.5012e+11
752.57   -2.6794e+11
752.88   1.9395e+10
753.19   -2.6794e+11
753.5   -2.6794e+11
753.8   -2.6794e+11
754.12   -2.9315e+11
754.42   -3.2076e+11
754.73   -4.4009e+11
755.04   -9.9816e+11
755.35   -1.4336e+12
755.66   -1.4336e+12
755.97   -1.4336e+12
756.28   -1.3525e+12
756.59   -1.3525e+12
756.9   -1.284e+12
757.21   -1.1593e+12
757.51   -1.1059e+12
757.82   -1.1059e+12
758.13   -1.0225e+12
758.44   -8.6146e+11
758.75   -8.6146e+11
759.06   -7.2808e+11
759.37   -4.3628e+11
759.68   -7.091e+11
759.98   -7.4875e+11
760.29   -7.091e+11
760.6   -5.9254e+11
760.91   -6.5586e+11
761.22   -6.5586e+11
761.53   -5.5997e+11
761.83   -5.5997e+11
762.14   -6.7653e+11
762.45   -9.3681e+11
762.76   -1.2325e+12
763.07   -1.2325e+12
763.37   -1.2325e+12
763.68   -1.2325e+12
763.99   -1.2325e+12
764.3   -1.2325e+12
764.61   -1.2325e+12
764.91   -9.6665e+11
765.22   -4.2626e+11
765.53   -4.2626e+11
765.84   -4.2626e+11
766.14   -4.2626e+11
766.45   -4.2626e+11
766.76   -1.24e+11
767.06   -2.7128e+11
767.37   -2.7128e+11
767.68   -1.5487e+11
767.99   -5.3196e+11
768.29   -9.3436e+11
768.6   -9.5576e+11
768.91   -9.5576e+11
769.21   -5.5336e+11
769.52   -8.0629e+11
769.83   -8.6635e+11
770.13   -8.6635e+11
770.44   -8.0629e+11
770.75   -8.6635e+11
771.05   -8.0629e+11
771.36   -8.0629e+11
771.67   -8.6635e+11
771.97   -6.4898e+11
772.28   -6.4898e+11
772.59   -7.0731e+11
772.89   -4.7391e+11
773.2   -7.9539e+11
773.51   -7.9539e+11
773.81   -5.0131e+11
774.12   -8.3882e+11
774.42   -8.3882e+11
774.73   -8.0686e+11
775.04   -8.0686e+11
775.34   -1.613e+12
775.65   -8.0686e+11
775.95   -1.613e+12
776.26   -1.613e+12
776.57   -1.613e+12
776.87   -1.613e+12
777.18   -1.0351e+12
777.48   -9.0902e+11
777.79   -9.0902e+11
778.09   -1.5812e+12
778.4   -1.5812e+12
778.7   -2.4415e+12
779.01   -2.4415e+12
779.31   -1.6681e+12
779.62   -1.6681e+12
779.92   -1.6681e+12
780.23   -2.0635e+12
780.53   -2.4415e+12
780.84   -2.3438e+12
781.14   -1.5705e+12
781.45   -1.1166e+12
781.75   -9.987e+11
782.06   -9.987e+11
782.36   -9.987e+11
782.67   -9.987e+11
782.97   -1.4384e+12
783.28   -1.4384e+12
783.58   -9.0622e+11
783.89   -1.4384e+12
784.19   -1.4053e+12
784.5   -2.0442e+12
784.8   -2.0442e+12
785.1   -2.0442e+12
785.41   -3.1739e+12
785.71   -5.0844e+12
786.02   -5.0844e+12
786.32   -3.9287e+12
786.62   -5.0844e+12
786.93   -4.8693e+12
787.23   -4.8693e+12
787.53   -3.9287e+12
787.84   -3.9287e+12
788.14   -3.126e+12
788.45   -3.126e+12
788.75   -2.7718e+12
789.05   -1.8178e+12
789.36   -8.969e+11
789.66   -8.969e+11
789.96   -3.3881e+11
790.27   3.4188e+11
790.57   -3.3881e+11
790.87   -4.6863e+11
791.18   -4.6863e+11
791.48   -4.6863e+11
791.78   -4.6863e+11
792.09   -6.5754e+11
792.39   -6.5754e+11
792.69   -6.5754e+11
793   -6.5754e+11
793.3   -1.4392e+12
793.6   -1.7244e+12
793.9   -1.7244e+12
794.21   -1.7244e+12
794.51   -1.7244e+12
794.81   -1.7244e+12
795.12   -1.7244e+12
795.42   -1.7244e+12
795.72   -2.3206e+12
796.02   -3.0224e+12
796.32   -3.0224e+12
796.63   -3.0224e+12
796.93   -3.0224e+12
797.23   -3.0224e+12
797.53   -3.0224e+12
797.84   -1.7781e+12
798.14   -2.1382e+12
798.44   -4.6134e+12
798.74   -2.1382e+12
799.04   -3.7983e+11
799.35   0
799.65   0
799.95   0
