200.34   0
200.72   0
201.1   0
201.48   0
201.85   0
202.23   0
202.61   0
202.99   -0
203.36   -0
203.74   0
204.12   0
204.5   -0
204.87   0
205.25   0
205.63   0
206   0
206.38   -0
206.76   0
207.13   0
207.51   0
207.89   0
208.27   0
208.64   -0
209.02   0
209.4   0
209.77   -0
210.15   0
210.53   0
210.9   1.4101e+10
211.28   2.9419e+10
211.66   3.5451e+11
212.03   1.0799e+12
212.41   1.0799e+12
212.79   3.5451e+11
213.16   9.1866e+11
213.54   1.2479e+12
213.92   1.2479e+12
214.29   1.2479e+12
214.67   1.4092e+12
215.04   1.4092e+12
215.42   1.5437e+12
215.8   1.2479e+12
216.17   1.2479e+12
216.55   1.2479e+12
216.93   1.3577e+12
217.3   1.4999e+12
217.68   1.6197e+12
218.06   1.686e+12
218.43   1.6197e+12
218.81   1.4982e+12
219.18   1.4982e+12
219.56   1.6197e+12
219.93   1.6197e+12
220.31   1.7572e+12
220.69   1.7572e+12
221.06   1.7555e+12
221.44   1.9501e+12
221.81   1.8269e+12
222.19   1.8269e+12
222.56   1.8269e+12
222.94   1.7194e+12
223.32   1.585e+12
223.69   1.593e+12
224.07   1.4999e+12
224.44   1.4999e+12
224.82   1.4999e+12
225.19   1.3453e+12
225.57   1.3453e+12
225.94   1.3453e+12
226.32   1.4999e+12
226.69   1.5903e+12
227.07   1.5903e+12
227.44   1.6032e+12
227.82   1.8679e+12
228.19   1.7941e+12
228.57   1.9893e+12
228.94   1.9893e+12
229.32   1.7982e+12
229.69   2.0284e+12
230.07   2.0284e+12
230.44   2.0953e+12
230.82   2.0953e+12
231.19   2.1204e+12
231.57   2.1714e+12
231.94   2.4271e+12
232.32   2.4271e+12
232.69   2.5309e+12
233.07   2.644e+12
233.44   2.7216e+12
233.82   2.8986e+12
234.19   2.7216e+12
234.57   2.9493e+12
234.94   2.9493e+12
235.31   2.9455e+12
235.69   2.9455e+12
236.06   2.9455e+12
236.44   2.6717e+12
236.81   2.4408e+12
237.19   2.3462e+12
237.56   2.154e+12
237.94   2.3462e+12
238.31   2.2967e+12
238.68   2.4503e+12
239.06   2.4503e+12
239.43   2.5051e+12
239.81   2.575e+12
240.18   2.6595e+12
240.55   2.575e+12
240.93   2.575e+12
241.3   2.6595e+12
241.67   2.6873e+12
242.05   2.6873e+12
242.42   2.6873e+12
242.8   2.6873e+12
243.17   2.6873e+12
243.54   2.7351e+12
243.92   2.672e+12
244.29   2.672e+12
244.66   2.7178e+12
245.04   2.7332e+12
245.41   2.6548e+12
245.78   2.6437e+12
246.16   2.6437e+12
246.53   2.5736e+12
246.9   2.5664e+12
247.28   2.5664e+12
247.65   2.5664e+12
248.02   2.6364e+12
248.4   2.6427e+12
248.77   2.6427e+12
249.14   2.6427e+12
249.52   2.6427e+12
249.89   2.6427e+12
250.26   2.6427e+12
250.63   2.7302e+12
251.01   2.6025e+12
251.38   2.6025e+12
251.75   2.4741e+12
252.13   2.3554e+12
252.5   2.3554e+12
252.87   2.2881e+12
253.25   2.4069e+12
253.62   2.2881e+12
253.99   2.2725e+12
254.36   2.2725e+12
254.74   2.4069e+12
255.11   2.5537e+12
255.48   2.484e+12
255.85   2.484e+12
256.23   2.3371e+12
256.6   2.383e+12
256.97   2.383e+12
257.34   2.383e+12
257.71   2.383e+12
258.09   2.383e+12
258.46   2.383e+12
258.83   2.3284e+12
259.2   2.3601e+12
259.58   2.3423e+12
259.95   2.2036e+12
260.32   1.9703e+12
260.69   1.9703e+12
261.06   2.192e+12
261.44   2.2672e+12
261.81   2.1915e+12
262.18   2.0455e+12
262.55   2.1915e+12
262.92   2.06e+12
263.3   2.1915e+12
263.67   2.3159e+12
264.04   2.3159e+12
264.41   2.3148e+12
264.78   2.3148e+12
265.15   2.4609e+12
265.52   2.5905e+12
265.9   2.6542e+12
266.27   2.6542e+12
266.64   2.6542e+12
267.01   2.6165e+12
267.38   2.6165e+12
267.75   2.6643e+12
268.12   2.6751e+12
268.5   2.6751e+12
268.87   2.7404e+12
269.24   2.7925e+12
269.61   2.9087e+12
269.98   2.941e+12
270.35   2.9688e+12
270.72   2.9875e+12
271.09   3.0108e+12
271.46   3.0723e+12
271.83   3.1374e+12
272.2   3.1493e+12
272.58   3.2173e+12
272.95   3.2767e+12
273.32   3.2767e+12
273.69   3.2767e+12
274.06   3.2767e+12
274.43   3.302e+12
274.8   3.3721e+12
275.17   3.4418e+12
275.54   3.4486e+12
275.91   3.4617e+12
276.28   3.4617e+12
276.65   3.4974e+12
277.02   3.5553e+12
277.39   3.6255e+12
277.76   3.7261e+12
278.13   3.7261e+12
278.5   3.7261e+12
278.87   3.734e+12
279.25   3.734e+12
279.62   3.6662e+12
279.99   3.734e+12
280.36   3.734e+12
280.73   3.734e+12
281.1   3.8218e+12
281.46   3.815e+12
281.83   3.8524e+12
282.2   3.8524e+12
282.57   3.8653e+12
282.94   3.9137e+12
283.31   3.9623e+12
283.68   3.9623e+12
284.05   3.9744e+12
284.42   3.9623e+12
284.79   3.9623e+12
285.16   3.9623e+12
285.53   3.9451e+12
285.9   3.9623e+12
286.27   3.9451e+12
286.64   3.8711e+12
287.01   3.7614e+12
287.38   3.8711e+12
287.75   3.8711e+12
288.12   3.9375e+12
288.49   3.9375e+12
288.86   3.9282e+12
289.23   3.9282e+12
289.59   3.9282e+12
289.96   3.9538e+12
290.33   3.9799e+12
290.7   3.9799e+12
291.07   3.9538e+12
291.44   3.9282e+12
291.81   3.8605e+12
292.18   3.7849e+12
292.55   3.7386e+12
292.92   3.753e+12
293.28   3.753e+12
293.65   3.753e+12
294.02   3.753e+12
294.39   3.7303e+12
294.76   3.7303e+12
295.13   3.7579e+12
295.5   3.7579e+12
295.86   3.7662e+12
296.23   3.7662e+12
296.6   3.7662e+12
296.97   3.7662e+12
297.34   3.7257e+12
297.71   3.6888e+12
298.07   3.6888e+12
298.44   3.6696e+12
298.81   3.6113e+12
299.18   3.5631e+12
299.55   3.4402e+12
299.92   3.3268e+12
300.28   3.31e+12
300.65   3.2731e+12
301.02   3.2731e+12
301.39   3.2731e+12
301.75   3.2731e+12
302.12   3.2731e+12
302.49   3.3393e+12
302.86   3.2731e+12
303.23   3.1894e+12
303.59   3.1073e+12
303.96   3.1271e+12
304.33   3.1271e+12
304.7   3.1073e+12
305.06   3.0475e+12
305.43   2.9954e+12
305.8   2.9461e+12
306.17   2.8638e+12
306.53   2.8125e+12
306.9   2.8638e+12
307.27   2.8125e+12
307.64   2.8125e+12
308   2.8125e+12
308.37   2.8125e+12
308.74   2.763e+12
309.11   2.7077e+12
309.47   2.7132e+12
309.84   2.701e+12
310.21   2.676e+12
310.57   2.5868e+12
310.94   2.676e+12
311.31   2.6107e+12
311.67   2.5856e+12
312.04   2.5411e+12
312.41   2.5411e+12
312.77   2.584e+12
313.14   2.5446e+12
313.51   2.5446e+12
313.88   2.5446e+12
314.24   2.5446e+12
314.61   2.5158e+12
314.98   2.3972e+12
315.34   2.2829e+12
315.71   2.2572e+12
316.07   2.1465e+12
316.44   2.1465e+12
316.81   2.1361e+12
317.17   2.1361e+12
317.54   2.132e+12
317.91   2.132e+12
318.27   2.0787e+12
318.64   2.0613e+12
319   2.0613e+12
319.37   2.0489e+12
319.74   2.0489e+12
320.1   2.0021e+12
320.47   1.9749e+12
320.83   1.9749e+12
321.2   2.0011e+12
321.57   2.0011e+12
321.93   1.9774e+12
322.3   1.9774e+12
322.66   1.9888e+12
323.03   2.0009e+12
323.39   2.0009e+12
323.76   1.9772e+12
324.13   1.9772e+12
324.49   1.894e+12
324.86   1.7725e+12
325.22   1.73e+12
325.59   1.73e+12
325.95   1.7081e+12
326.32   1.7081e+12
326.69   1.6904e+12
327.05   1.6904e+12
327.42   1.6904e+12
327.78   1.6876e+12
328.15   1.7081e+12
328.51   1.716e+12
328.88   1.686e+12
329.24   1.686e+12
329.61   1.6233e+12
329.97   1.5526e+12
330.34   1.5526e+12
330.7   1.6233e+12
331.07   1.6554e+12
331.43   1.6554e+12
331.8   1.4918e+12
332.16   1.4629e+12
332.52   1.4617e+12
332.89   1.4264e+12
333.25   1.4264e+12
333.62   1.4682e+12
333.98   1.4682e+12
334.35   1.4682e+12
334.71   1.4682e+12
335.08   1.4682e+12
335.44   1.5035e+12
335.81   1.5347e+12
336.17   1.5347e+12
336.54   1.5347e+12
336.9   1.5716e+12
337.26   1.519e+12
337.63   1.519e+12
337.99   1.4359e+12
338.36   1.3827e+12
338.72   1.3827e+12
339.08   1.3668e+12
339.45   1.3564e+12
339.81   1.3564e+12
340.18   1.3138e+12
340.54   1.2697e+12
340.9   1.1902e+12
341.27   1.2098e+12
341.63   1.131e+12
342   1.131e+12
342.36   1.131e+12
342.72   1.131e+12
343.09   1.0749e+12
343.45   1.0537e+12
343.81   1.0522e+12
344.18   1.0522e+12
344.54   1.034e+12
344.9   1.034e+12
345.27   1.044e+12
345.63   1.0398e+12
345.99   1.058e+12
346.36   1.0398e+12
346.72   1.058e+12
347.08   1.0768e+12
347.45   1.0768e+12
347.81   9.5661e+11
348.17   9.5661e+11
348.54   9.5399e+11
348.9   9.5399e+11
349.26   1.0465e+12
349.62   1.0465e+12
349.99   1.0465e+12
350.35   9.5399e+11
350.71   8.6965e+11
351.08   8.6965e+11
351.44   8.6019e+11
351.8   8.6019e+11
352.16   8.6019e+11
352.53   8.6019e+11
352.89   8.3556e+11
353.25   8.058e+11
353.61   8.3556e+11
353.98   8.6019e+11
354.34   8.6502e+11
354.7   8.1271e+11
355.06   9.1241e+11
355.43   9.1784e+11
355.79   9.095e+11
356.15   9.095e+11
356.51   9.2471e+11
356.88   9.2471e+11
357.24   9.095e+11
357.6   8.801e+11
357.96   8.0181e+11
358.32   8.0403e+11
358.69   8.0403e+11
359.05   7.9445e+11
359.41   7.4151e+11
359.77   7.0918e+11
360.13   7.0918e+11
360.49   6.5209e+11
360.86   6.5486e+11
361.22   6.7784e+11
361.58   7.5838e+11
361.94   6.9613e+11
362.3   6.9613e+11
362.66   6.1994e+11
363.03   6.9629e+11
363.39   6.9629e+11
363.75   6.1994e+11
364.11   6.7007e+11
364.47   6.7007e+11
364.83   6.7007e+11
365.19   6.1994e+11
365.56   6.7007e+11
365.92   6.7007e+11
366.28   7.2757e+11
366.64   6.485e+11
367   7.2757e+11
367.36   7.4488e+11
367.72   7.4488e+11
368.08   6.7998e+11
368.44   7.4488e+11
368.8   7.6619e+11
369.17   7.4488e+11
369.53   7.5641e+11
369.89   8.0162e+11
370.25   8.0162e+11
370.61   8.0162e+11
370.97   7.5291e+11
371.33   7.5291e+11
371.69   7.5291e+11
372.05   7.0872e+11
372.41   7.0872e+11
372.77   6.7076e+11
373.13   6.7076e+11
373.49   6.5064e+11
373.85   6.5064e+11
374.21   6.5064e+11
374.57   6.5425e+11
374.93   6.5425e+11
375.29   6.3118e+11
375.65   6.3118e+11
376.01   6.0405e+11
376.37   6.292e+11
376.73   5.7379e+11
377.09   6.292e+11
377.45   6.292e+11
377.81   5.6222e+11
378.17   4.8924e+11
378.53   5.3398e+11
378.89   5.2225e+11
379.25   5.2225e+11
379.61   5.3398e+11
379.97   5.3398e+11
380.33   5.6431e+11
380.69   5.3386e+11
381.05   5.3386e+11
381.41   5.5301e+11
381.77   5.7173e+11
382.13   5.9966e+11
382.49   5.9966e+11
382.85   5.7543e+11
383.21   5.7543e+11
383.57   5.6414e+11
383.93   5.6414e+11
384.29   5.6414e+11
384.64   5.9663e+11
385   5.9663e+11
385.36   5.4438e+11
385.72   5.4438e+11
386.08   5.7493e+11
386.44   5.7493e+11
386.8   5.7365e+11
387.16   6.2766e+11
387.52   5.8516e+11
387.88   5.8516e+11
388.23   5.597e+11
388.59   5.9345e+11
388.95   6.1891e+11
389.31   6.1891e+11
389.67   5.9345e+11
390.03   6.0101e+11
390.38   6.0101e+11
390.74   6.0101e+11
391.1   6.0101e+11
391.46   6.0101e+11
391.82   6.0101e+11
392.18   5.7863e+11
392.54   5.7863e+11
392.89   5.6552e+11
393.25   5.7747e+11
393.61   5.8621e+11
393.97   5.8621e+11
394.33   5.5627e+11
394.68   5.284e+11
395.04   5.7812e+11
395.4   5.9782e+11
395.76   5.9782e+11
396.12   5.6788e+11
396.47   5.9782e+11
396.83   5.9782e+11
397.19   5.8805e+11
397.55   5.8805e+11
397.9   5.8805e+11
398.26   6.4892e+11
398.62   5.8805e+11
398.98   5.4943e+11
399.33   5.2998e+11
399.69   5.1027e+11
400.05   4.2521e+11
400.41   4.1528e+11
400.76   4.1528e+11
401.12   4.1528e+11
401.48   4.2521e+11
401.84   4.2521e+11
402.19   4.1528e+11
402.55   4.3367e+11
402.91   4.5022e+11
403.26   4.5695e+11
403.62   4.6292e+11
403.98   4.6292e+11
404.34   4.5695e+11
404.69   4.6178e+11
405.05   4.6178e+11
405.41   4.6178e+11
405.76   4.7427e+11
406.12   4.6178e+11
406.48   4.5809e+11
406.83   4.5809e+11
407.19   4.3561e+11
407.55   4.3561e+11
407.9   4.2855e+11
408.26   4.2855e+11
408.62   4.1833e+11
408.97   3.6134e+11
409.33   3.0487e+11
409.69   3.4562e+11
410.04   2.8454e+11
410.4   2.8454e+11
410.75   3.5724e+11
411.11   4.3254e+11
411.47   4.3254e+11
411.82   4.3254e+11
412.18   3.6778e+11
412.53   4.3362e+11
412.89   4.6289e+11
413.25   4.6289e+11
413.6   4.9322e+11
413.96   4.9675e+11
414.31   4.9221e+11
414.67   4.999e+11
415.02   4.999e+11
415.38   5.4451e+11
415.74   5.4451e+11
416.09   5.3997e+11
416.45   5.3997e+11
416.8   4.2385e+11
417.16   3.5087e+11
417.51   3.5087e+11
417.87   3.5087e+11
418.23   3.5087e+11
418.58   3.1684e+11
418.94   3.1684e+11
419.29   2.7292e+11
419.65   3.175e+11
420   3.1738e+11
420.36   3.3562e+11
420.71   3.3562e+11
421.07   3.3562e+11
421.42   3.1564e+11
421.78   3.1564e+11
422.13   3.5335e+11
422.49   3.5938e+11
422.84   3.5938e+11
423.2   3.1564e+11
423.55   3.2701e+11
423.91   3.2507e+11
424.26   3.2507e+11
424.62   3.2507e+11
424.97   2.6981e+11
425.32   1.9784e+11
425.68   1.8047e+11
426.03   1.8047e+11
426.39   1.9784e+11
426.74   2.6981e+11
427.1   2.4836e+11
427.45   3.1111e+11
427.81   3.3997e+11
428.16   3.2024e+11
428.51   3.3211e+11
428.87   3.3211e+11
429.22   3.434e+11
429.58   3.434e+11
429.93   3.3211e+11
430.28   3.2797e+11
430.64   3.2797e+11
430.99   3.1953e+11
431.35   3.1093e+11
431.7   2.63e+11
432.05   2.63e+11
432.41   1.9393e+11
432.76   1.9393e+11
433.11   1.9393e+11
433.47   1.5586e+11
433.82   1.7786e+11
434.18   2.2957e+11
434.53   2.9631e+11
434.88   3.5411e+11
435.24   3.5411e+11
435.59   3.1613e+11
435.94   3.1613e+11
436.3   3.1613e+11
436.65   2.4825e+11
437   2.4825e+11
437.36   2.4032e+11
437.71   2.4032e+11
438.06   2.1419e+11
438.41   2.1085e+11
438.77   2.0063e+11
439.12   2.1085e+11
439.47   2.1085e+11
439.83   2.0063e+11
440.18   2.0396e+11
440.53   2.4083e+11
440.88   1.9863e+11
441.24   1.7776e+11
441.59   1.7776e+11
441.94   1.8863e+11
442.3   1.8863e+11
442.65   1.5119e+11
443   1.8863e+11
443.35   1.5397e+11
443.7   1.139e+11
444.06   1.139e+11
444.41   1.6422e+11
444.76   2.0525e+11
445.11   1.6422e+11
445.47   1.1161e+11
445.82   1.5258e+11
446.17   1.5694e+11
446.52   1.2851e+11
446.88   1.2851e+11
447.23   1.4505e+11
447.58   1.1089e+11
447.93   8.8368e+10
448.28   8.0633e+10
448.63   8.8368e+10
448.99   1.1089e+11
449.34   1.1089e+11
449.69   8.8368e+10
450.04   6.4797e+10
450.39   1.0054e+11
450.75   6.4797e+10
451.1   4.057e+10
451.45   7.6408e+10
451.8   1.4611e+11
452.15   1.4043e+11
452.5   1.4043e+11
452.85   1.4043e+11
453.2   1.4043e+11
453.56   1.4043e+11
453.91   1.0945e+11
454.26   1.5747e+11
454.61   1.5747e+11
454.96   1.5747e+11
455.31   1.5747e+11
455.66   1.5396e+11
456.01   1.5396e+11
456.37   1.5396e+11
456.72   1.5934e+11
457.07   1.5934e+11
457.42   1.5934e+11
457.77   1.5934e+11
458.12   1.5934e+11
458.47   1.5934e+11
458.82   1.5934e+11
459.17   1.9551e+11
459.52   2.025e+11
459.87   1.267e+11
460.22   1.5974e+11
460.57   1.5974e+11
460.92   1.5974e+11
461.27   1.5974e+11
461.62   1.5974e+11
461.97   4.8607e+10
462.32   4.8607e+10
462.68   -1.6143e+09
463.02   -1.6143e+09
463.38   -1.6143e+09
463.73   -5.4036e+10
464.07   -8.2186e+10
464.43   -3.2165e+10
464.77   2.7469e+10
465.12   8.9278e+10
465.48   1.4847e+11
465.82   1.8285e+11
466.17   2.0047e+11
466.52   2.0047e+11
466.87   1.9497e+11
467.22   1.9497e+11
467.57   2.2097e+11
467.92   2.2097e+11
468.27   1.9497e+11
468.62   1.3943e+11
468.97   9.2282e+10
469.32   9.2282e+10
469.67   9.2282e+10
470.02   1.6289e+10
470.37   8.5709e+10
470.72   8.5709e+10
471.07   4.2967e+10
471.42   4.2967e+10
471.76   6.9907e+10
472.11   1.025e+11
472.46   6.9907e+10
472.81   5.3741e+10
473.16   5.3741e+10
473.51   7.0526e+10
473.86   7.0526e+10
474.21   7.0526e+10
474.56   1.1693e+11
474.9   7.0526e+10
475.25   2.5359e+10
475.6   1.3752e+10
475.95   9.4216e+09
476.3   9.4216e+09
476.65   -1.6697e+10
477   -1.6697e+10
477.35   -1.1155e+10
477.69   1.0569e+10
478.04   1.0569e+10
478.39   2.8854e+10
478.74   8.5672e+10
479.09   1.3328e+11
479.43   1.3328e+11
479.78   7.8955e+10
480.13   7.8955e+10
480.48   9.1462e+10
480.83   4.6908e+10
481.18   3.4401e+10
481.52   2.9829e+10
481.87   3.4401e+10
482.22   3.4401e+10
482.57   2.9829e+10
482.91   3.4401e+10
483.26   4.6908e+10
483.61   7.3587e+10
483.96   1.1429e+11
484.3   1.4023e+11
484.65   1.4351e+11
485   1.4351e+11
485.35   1.4351e+11
485.69   1.4351e+11
486.04   1.4696e+11
486.39   1.4351e+11
486.74   1.3653e+11
487.08   9.8205e+10
487.43   4.1654e+10
487.78   4.1654e+10
488.12   3.4226e+10
488.47   5.842e+10
488.82   7.94e+10
489.17   8.3365e+10
489.51   6.9813e+10
489.86   6.9813e+10
490.21   6.2384e+10
490.55   6.2384e+10
490.9   6.3623e+10
491.25   5.2231e+10
491.59   6.3623e+10
491.94   6.3623e+10
492.29   6.3623e+10
492.63   6.7276e+10
492.98   8.3219e+10
493.33   6.7276e+10
493.67   8.3219e+10
494.02   8.3219e+10
494.37   8.3219e+10
494.71   8.3219e+10
495.06   6.5534e+10
495.4   4.0395e+10
495.75   2.8383e+10
496.1   -1.8815e+10
496.44   -6.0002e+10
496.79   -6.0002e+10
497.13   -6.7209e+10
497.48   -6.9059e+10
497.83   -6.9059e+10
498.17   -6.0002e+10
498.52   -6.0002e+10
498.86   -1.8722e+10
499.21   2.0703e+10
499.56   2.0703e+10
499.9   3.7345e+10
500.25   3.7345e+10
500.59   5.5625e+10
500.94   5.5625e+10
501.28   3.7843e+10
501.63   4.8529e+10
501.97   3.4122e+10
502.32   2.0297e+10
502.67   2.0297e+10
503.01   3.4122e+10
503.36   3.4122e+10
503.7   4.8475e+10
504.05   4.8475e+10
504.39   4.8475e+10
504.74   7.8684e+10
505.08   9.7086e+10
505.43   1.1422e+11
505.77   1.195e+11
506.12   1.3922e+11
506.46   1.1051e+11
506.81   1.0237e+11
507.15   1.0237e+11
507.5   7.8028e+10
507.84   1.0237e+11
508.18   7.8028e+10
508.53   6.4825e+10
508.87   6.4825e+10
509.22   6.4825e+10
509.56   5.9919e+10
509.91   6.4825e+10
510.25   6.4825e+10
510.6   4.0349e+10
510.94   5.7621e+10
511.28   3.8487e+10
511.63   3.5991e+10
511.97   5.0205e+10
512.32   5.0205e+10
512.66   5.0205e+10
513   5.3168e+10
513.35   5.3168e+10
513.69   6.1816e+10
514.04   6.4479e+10
514.38   7.1284e+10
514.72   7.5552e+10
515.07   7.5552e+10
515.41   7.9474e+10
515.75   8.2485e+10
516.1   7.9474e+10
516.44   8.4265e+10
516.79   1.0817e+11
517.13   8.3325e+10
517.47   9.3006e+10
517.82   1.1306e+11
518.16   1.1306e+11
518.5   1.1306e+11
518.85   1.1306e+11
519.19   9.4707e+10
519.53   9.4707e+10
519.88   9.4707e+10
520.22   5.7099e+10
520.56   9.4707e+10
520.9   1.0542e+11
521.25   1.0542e+11
521.59   1.0542e+11
521.93   1.3645e+11
522.28   1.1028e+11
522.62   1.3645e+11
522.96   1.3645e+11
523.3   1.1028e+11
523.65   1.3891e+11
523.99   1.2825e+11
524.33   1.4782e+11
524.67   1.1919e+11
525.02   1.4913e+11
525.36   1.1919e+11
525.7   1.1554e+11
526.04   9.3106e+10
526.39   1.0886e+11
526.73   1.2845e+11
527.07   1.173e+11
527.41   1.173e+11
527.76   1.173e+11
528.1   1.2845e+11
528.44   1.2845e+11
528.78   1.2845e+11
529.12   1.2845e+11
529.47   1.4011e+11
529.81   1.5363e+11
530.15   1.5978e+11
530.49   1.6806e+11
530.83   1.5978e+11
531.18   1.5727e+11
531.52   1.5727e+11
531.86   1.5727e+11
532.2   1.5946e+11
532.54   2.2188e+11
532.88   2.8677e+11
533.23   2.2188e+11
533.57   2.3788e+11
533.91   2.1499e+11
534.25   2.1921e+11
534.59   2.1921e+11
534.93   2.1921e+11
535.27   2.3897e+11
535.61   2.3897e+11
535.96   2.3897e+11
536.3   2.3897e+11
536.64   2.3897e+11
536.98   2.4307e+11
537.32   2.4307e+11
537.66   2.4307e+11
538   2.5123e+11
538.34   2.8241e+11
538.68   2.8241e+11
539.02   2.2538e+11
539.36   2.2538e+11
539.7   2.4209e+11
540.04   2.3443e+11
540.38   1.8163e+11
540.73   2.1349e+11
541.07   2.5911e+11
541.41   2.5911e+11
541.75   2.5911e+11
542.09   2.9024e+11
542.43   3.1868e+11
542.77   2.9024e+11
543.11   3.1868e+11
543.45   3.1868e+11
543.79   3.1868e+11
544.13   3.3275e+11
544.47   3.3275e+11
544.81   3.3275e+11
545.15   3.3814e+11
545.49   3.5358e+11
545.83   3.4322e+11
546.17   3.5843e+11
546.51   3.4742e+11
546.85   3.4742e+11
547.19   3.5843e+11
547.53   3.5843e+11
547.87   3.4742e+11
548.21   3.6958e+11
548.54   3.5481e+11
548.88   3.4294e+11
549.22   3.3226e+11
549.56   3.0846e+11
549.9   3.0846e+11
550.24   3.0846e+11
550.58   2.944e+11
550.92   2.755e+11
551.26   2.755e+11
551.6   2.755e+11
551.94   2.755e+11
552.28   3.0195e+11
552.62   2.745e+11
552.95   2.745e+11
553.29   2.745e+11
553.63   3.0324e+11
553.97   3.3789e+11
554.31   3.4697e+11
554.65   3.5633e+11
554.99   3.4438e+11
555.33   3.4438e+11
555.66   3.1232e+11
556   3.4438e+11
556.34   3.4438e+11
556.68   3.4438e+11
557.02   3.4438e+11
557.36   3.4438e+11
557.69   3.7295e+11
558.03   3.7295e+11
558.37   3.8618e+11
558.71   3.8618e+11
559.05   4.1207e+11
559.38   4.2332e+11
559.72   4.3334e+11
560.06   4.3334e+11
560.4   4.4041e+11
560.74   4.8789e+11
561.07   4.8789e+11
561.41   4.8789e+11
561.75   4.4949e+11
562.09   4.4949e+11
562.42   4.3291e+11
562.76   4.4949e+11
563.1   4.4949e+11
563.44   4.6398e+11
563.77   4.6398e+11
564.11   4.6398e+11
564.45   4.6691e+11
564.79   5.0155e+11
565.12   5.3538e+11
565.46   5.6116e+11
565.8   6.0394e+11
566.14   6.0394e+11
566.47   6.4301e+11
566.81   6.7017e+11
567.15   6.5489e+11
567.48   6.5545e+11
567.82   7.0958e+11
568.16   7.1764e+11
568.5   7.1764e+11
568.83   6.6351e+11
569.17   6.2164e+11
569.5   6.2164e+11
569.84   6.2164e+11
570.18   6.2164e+11
570.51   6.6351e+11
570.85   7.0971e+11
571.19   6.7201e+11
571.52   6.3014e+11
571.86   6.8355e+11
572.2   7.6136e+11
572.53   7.8793e+11
572.87   8.399e+11
573.21   8.7627e+11
573.54   9.0187e+11
573.88   9.0187e+11
574.21   8.83e+11
574.55   9.0092e+11
574.89   9.0092e+11
575.22   9.198e+11
575.56   9.123e+11
575.89   9.123e+11
576.23   8.9903e+11
576.57   8.9903e+11
576.9   8.8648e+11
577.24   8.7834e+11
577.57   8.6638e+11
577.91   8.6638e+11
578.24   8.7834e+11
578.58   8.7834e+11
578.91   8.7834e+11
579.25   8.9065e+11
579.59   9.3408e+11
579.92   9.4289e+11
580.26   9.4289e+11
580.59   9.4289e+11
580.93   9.4289e+11
581.26   9.4289e+11
581.6   9.4289e+11
581.93   9.4289e+11
582.27   9.4289e+11
582.6   1.0081e+12
582.94   9.7877e+11
583.27   1.0673e+12
583.61   1.0673e+12
583.94   1.0673e+12
584.27   1.0673e+12
584.61   1.0266e+12
584.95   1.0224e+12
585.28   9.9437e+11
585.61   9.9437e+11
585.95   9.9437e+11
586.28   9.9437e+11
586.62   9.9437e+11
586.95   1.0182e+12
587.29   1.0034e+12
587.62   1.0034e+12
587.95   1.0314e+12
588.29   1.0241e+12
588.62   1.0317e+12
588.96   1.0241e+12
589.29   1.0241e+12
589.62   1.0241e+12
589.96   1.0064e+12
590.29   9.9231e+11
590.63   1.0071e+12
590.96   1.0861e+12
591.29   1.0861e+12
591.63   1.1e+12
591.96   1.1002e+12
592.29   1.1594e+12
592.63   1.1687e+12
592.96   1.1687e+12
593.29   1.1739e+12
593.63   1.1739e+12
593.96   1.2045e+12
594.3   1.2045e+12
594.63   1.2045e+12
594.96   1.2045e+12
595.29   1.1797e+12
595.63   1.2069e+12
595.96   1.2069e+12
596.29   1.2151e+12
596.63   1.269e+12
596.96   1.349e+12
597.29   1.349e+12
597.63   1.2524e+12
597.96   1.2524e+12
598.29   1.349e+12
598.62   1.3957e+12
598.96   1.4039e+12
599.29   1.4039e+12
599.62   1.4186e+12
599.96   1.4567e+12
600.29   1.4039e+12
600.62   1.4039e+12
600.95   1.4073e+12
601.29   1.4073e+12
601.62   1.3993e+12
601.95   1.3633e+12
602.28   1.3303e+12
602.62   1.3303e+12
602.95   1.3303e+12
603.28   1.3303e+12
603.61   1.3658e+12
603.94   1.4018e+12
604.27   1.429e+12
604.61   1.4666e+12
604.94   1.4666e+12
605.27   1.5103e+12
605.6   1.5552e+12
605.93   1.5552e+12
606.27   1.5625e+12
606.6   1.5552e+12
606.93   1.5103e+12
607.26   1.5016e+12
607.59   1.4544e+12
607.92   1.4544e+12
608.25   1.4544e+12
608.59   1.3641e+12
608.92   1.3641e+12
609.25   1.3839e+12
609.58   1.3641e+12
609.91   1.3839e+12
610.24   1.4512e+12
610.57   1.4512e+12
610.9   1.5177e+12
611.24   1.4512e+12
611.57   1.5177e+12
611.9   1.5703e+12
612.23   1.628e+12
612.56   1.6686e+12
612.89   1.6686e+12
613.22   1.6582e+12
613.55   1.6431e+12
613.88   1.6815e+12
614.21   1.6431e+12
614.54   1.6431e+12
614.87   1.6815e+12
615.2   1.6325e+12
615.53   1.609e+12
615.87   1.609e+12
616.2   1.609e+12
616.53   1.6451e+12
616.86   1.5989e+12
617.19   1.571e+12
617.52   1.5968e+12
617.85   1.5968e+12
618.18   1.5968e+12
618.51   1.6194e+12
618.84   1.6107e+12
619.17   1.5902e+12
619.5   1.5902e+12
619.83   1.5708e+12
620.16   1.5599e+12
620.49   1.5383e+12
620.82   1.5383e+12
621.14   1.4783e+12
621.47   1.4066e+12
621.8   1.4066e+12
622.13   1.4066e+12
622.46   1.4397e+12
622.79   1.4397e+12
623.12   1.483e+12
623.45   1.483e+12
623.78   1.483e+12
624.11   1.483e+12
624.44   1.5471e+12
624.77   1.5715e+12
625.1   1.5665e+12
625.42   1.5715e+12
625.75   1.5715e+12
626.08   1.5665e+12
626.41   1.5665e+12
626.74   1.5898e+12
627.07   1.6065e+12
627.4   1.5864e+12
627.73   1.5864e+12
628.06   1.6143e+12
628.38   1.626e+12
628.71   1.626e+12
629.04   1.626e+12
629.37   1.626e+12
629.7   1.6827e+12
630.03   1.6821e+12
630.36   1.7467e+12
630.68   1.7721e+12
631.01   1.7721e+12
631.34   1.7467e+12
631.67   1.6821e+12
632   1.5823e+12
632.32   1.532e+12
632.65   1.5823e+12
632.98   1.57e+12
633.31   1.6131e+12
633.64   1.57e+12
633.96   1.532e+12
634.29   1.4779e+12
634.62   1.532e+12
634.95   1.5587e+12
635.27   1.5587e+12
635.6   1.5138e+12
635.93   1.433e+12
636.26   1.4128e+12
636.58   1.4128e+12
636.91   1.4147e+12
637.24   1.4179e+12
637.57   1.4733e+12
637.89   1.4733e+12
638.22   1.4733e+12
638.55   1.4831e+12
638.88   1.4831e+12
639.2   1.4831e+12
639.53   1.4831e+12
639.86   1.4711e+12
640.18   1.4711e+12
640.51   1.4896e+12
640.84   1.4896e+12
641.16   1.4711e+12
641.49   1.4245e+12
641.82   1.3819e+12
642.14   1.4412e+12
642.47   1.4815e+12
642.8   1.4896e+12
643.12   1.5206e+12
643.45   1.5125e+12
643.78   1.5043e+12
644.1   1.4348e+12
644.43   1.5043e+12
644.75   1.5043e+12
645.08   1.5043e+12
645.41   1.472e+12
645.73   1.4503e+12
646.06   1.4503e+12
646.38   1.4503e+12
646.71   1.4841e+12
647.04   1.4636e+12
647.36   1.4636e+12
647.69   1.4449e+12
648.01   1.4449e+12
648.34   1.4449e+12
648.67   1.4787e+12
648.99   1.4787e+12
649.32   1.445e+12
649.64   1.3972e+12
649.97   1.327e+12
650.29   1.327e+12
650.62   1.3972e+12
650.94   1.4321e+12
651.27   1.4892e+12
651.6   1.4321e+12
651.92   1.3972e+12
652.25   1.3976e+12
652.57   1.4785e+12
652.89   1.4785e+12
653.22   1.4785e+12
653.54   1.4301e+12
653.87   1.4301e+12
654.2   1.2968e+12
654.52   1.2839e+12
654.85   1.2839e+12
655.17   1.2839e+12
655.49   1.225e+12
655.82   1.1954e+12
656.14   1.1391e+12
656.47   1.1391e+12
656.79   1.1391e+12
657.12   1.1022e+12
657.44   1.1552e+12
657.77   1.1552e+12
658.09   1.1341e+12
658.41   1.1743e+12
658.74   1.2021e+12
659.06   1.2873e+12
659.39   1.2873e+12
659.71   1.2873e+12
660.03   1.1778e+12
660.36   1.2873e+12
660.68   1.2594e+12
661.01   1.1129e+12
661.33   1.0697e+12
661.65   1.0697e+12
661.98   1.0697e+12
662.3   1.0697e+12
662.62   9.894e+11
662.95   1.099e+12
663.27   1.1648e+12
663.6   1.1648e+12
663.92   1.3589e+12
664.24   1.3589e+12
664.57   1.4282e+12
664.89   1.4282e+12
665.21   1.3214e+12
665.54   1.2522e+12
665.86   1.2522e+12
666.18   1.1779e+12
666.5   1.139e+12
666.83   1.139e+12
667.15   1.1065e+12
667.47   1.139e+12
667.8   1.1065e+12
668.12   1.1065e+12
668.44   9.8842e+11
668.76   9.1975e+11
669.09   1.0272e+12
669.41   1.0668e+12
669.73   1.0668e+12
670.06   1.0668e+12
670.38   1.0668e+12
670.7   9.4782e+11
671.02   9.4782e+11
671.35   9.4782e+11
671.67   1.0975e+12
671.99   1.1581e+12
672.31   1.1581e+12
672.63   1.1581e+12
672.96   1.2521e+12
673.28   1.1952e+12
673.6   1.1952e+12
673.92   1.1952e+12
674.24   1.1952e+12
674.57   1.1169e+12
674.89   1.0303e+12
675.21   9.748e+11
675.53   9.748e+11
675.85   9.6314e+11
676.17   9.4783e+11
676.5   9.4783e+11
676.82   8.8036e+11
677.14   8.8036e+11
677.46   8.8982e+11
677.78   8.9768e+11
678.1   8.9768e+11
678.42   8.3021e+11
678.75   8.3021e+11
679.07   8.2368e+11
679.39   1.0824e+12
679.71   8.4326e+11
680.03   1.09e+12
680.35   8.4326e+11
680.67   7.1928e+11
680.99   7.2447e+11
681.31   8.6763e+11
681.63   1.1091e+12
681.96   1.0046e+12
682.28   1.0046e+12
682.6   9.4899e+11
682.92   9.4899e+11
683.24   9.479e+11
683.56   9.7454e+11
683.88   1.0101e+12
684.2   9.7454e+11
684.52   9.7454e+11
684.84   8.8349e+11
685.16   8.2513e+11
685.48   8.8349e+11
685.8   8.8349e+11
686.12   8.8858e+11
686.44   8.8858e+11
686.76   8.7251e+11
687.08   8.3198e+11
687.4   8.3198e+11
687.72   8.3198e+11
688.04   8.7251e+11
688.36   9.7112e+11
688.68   9.7112e+11
689   8.7251e+11
689.32   7.8814e+11
689.64   7.5678e+11
689.96   6.509e+11
690.28   7.5678e+11
690.6   7.627e+11
690.92   7.627e+11
691.24   6.4621e+11
691.56   5.9164e+11
691.88   5.4828e+11
692.19   5.9164e+11
692.51   6.4621e+11
692.83   6.4621e+11
693.15   6.4621e+11
693.47   6.4621e+11
693.79   5.797e+11
694.11   7.204e+11
694.43   6.8787e+11
694.75   6.8787e+11
695.07   6.8787e+11
695.38   4.939e+11
695.7   4.939e+11
696.02   4.939e+11
696.34   5.959e+11
696.66   4.3738e+11
696.98   4.3738e+11
697.29   4.3738e+11
697.61   5.3189e+11
697.93   6.904e+11
698.25   6.904e+11
698.57   7.7363e+11
698.89   7.7363e+11
699.2   7.1286e+11
699.52   6.7968e+11
699.84   6.7968e+11
700.16   6.7968e+11
700.48   7.629e+11
700.79   6.979e+11
701.11   5.9015e+11
701.43   5.9015e+11
701.75   3.3899e+11
702.07   1.1483e+11
702.38   1.3757e+11
702.7   1.3757e+11
703.02   1.3757e+11
703.34   3.8874e+11
703.65   8.8642e+10
703.97   2.7197e+10
704.29   8.8642e+10
704.61   1.6003e+11
704.92   4.6186e+11
705.24   6.7289e+11
705.56   6.7289e+11
705.87   6.8726e+11
706.19   6.5662e+11
706.51   5.227e+11
706.83   6.5662e+11
707.14   6.5662e+11
707.46   5.227e+11
707.77   5.4205e+11
708.09   4.34e+11
708.41   3.7048e+11
708.73   2.6472e+11
709.04   1.2175e+11
709.36   1.2175e+11
709.67   1.2175e+11
709.99   1.2175e+11
710.31   1.3863e+11
710.62   3.124e+11
710.94   1.3863e+11
711.26   2.4791e+11
711.57   2.8427e+11
711.89   3.6489e+11
712.21   3.6489e+11
712.52   3.6489e+11
712.84   3.6489e+11
713.15   3.7449e+11
713.47   3.8925e+11
713.78   3.8925e+11
714.1   4.9714e+11
714.42   4.6305e+11
714.73   4.6305e+11
715.05   5.1931e+11
715.36   5.1931e+11
715.68   4.7014e+11
716   4.7014e+11
716.31   3.9634e+11
716.63   3.6123e+11
716.94   2.2167e+11
717.26   1.1614e+11
717.57   1.1614e+11
717.89   4.5622e+10
718.2   4.5622e+10
718.52   -1.0787e+11
718.83   -1.0787e+11
719.15   4.5622e+10
719.46   4.5622e+10
719.78   6.1832e+10
720.09   6.1832e+10
720.41   3.1861e+11
720.72   3.1861e+11
721.04   5.7598e+11
721.35   5.7598e+11
721.67   5.7598e+11
721.98   2.8143e+11
722.29   2.8143e+11
722.61   2.8143e+11
722.92   1.3196e+11
723.24   4.2652e+11
723.55   4.5549e+11
723.87   4.8862e+11
724.18   1.3196e+11
724.5   4.2643e+11
724.81   6.7454e+11
725.12   6.7454e+11
725.44   5.0414e+11
725.75   5.0414e+11
726.07   5.0414e+11
726.38   5.0414e+11
726.69   2.9012e+11
727.01   2.7363e+11
727.32   2.7363e+11
727.63   2.7363e+11
727.95   2.7363e+11
728.26   2.7363e+11
728.58   2.7363e+11
728.89   5.7669e+11
729.2   5.7669e+11
729.52   2.7363e+11
729.83   2.5089e+10
730.14   -3.5861e+11
730.46   1.9298e+11
730.77   -1.2892e+11
731.08   -4.8752e+11
731.39   -4.8752e+11
731.71   -4.8752e+11
732.02   -6.5745e+11
732.33   -7.7957e+11
732.65   -1.047e+12
732.96   -8.2968e+11
733.27   -8.2968e+11
733.59   -1.047e+12
733.9   -1.0884e+12
734.21   -8.8662e+11
734.52   -8.8662e+11
734.84   -8.7103e+11
735.15   -8.1287e+11
735.46   -7.7428e+11
735.77   -6.4888e+11
736.09   -4.4882e+11
736.4   -3.0524e+11
736.71   1.6334e+10
737.02   1.4636e+11
737.33   1.6334e+10
737.65   1.6334e+10
737.96   -1.9244e+11
738.27   -1.9244e+11
738.58   -1.9244e+11
738.89   8.0399e+10
739.21   6.6149e+11
739.52   2.5936e+11
739.83   1.8132e+11
740.14   -9.1517e+10
740.45   -9.1517e+10
740.76   2.3025e+11
741.08   2.3025e+11
741.39   -1.2699e+11
741.7   -1.2699e+11
742.01   -4.1846e+11
742.32   -4.1846e+11
742.63   -4.4157e+11
742.94   -4.4157e+11
743.25   -4.1846e+11
743.57   -4.4157e+11
743.88   -4.4157e+11
744.19   -4.4157e+11
744.5   -4.4157e+11
744.81   -3.7653e+11
745.12   -2.8967e+11
745.43   -6.3036e+11
745.74   -2.2396e+11
746.05   -2.2396e+11
746.36   -2.8242e+11
746.67   -2.2396e+11
746.99   -2.4121e+11
747.3   -2.4121e+11
747.61   -4.1827e+10
747.92   3.6975e+10
748.23   -1.4661e+11
748.54   -1.4661e+11
748.85   -1.4661e+11
749.16   -2.6661e+11
749.47   -6.4144e+11
749.78   -1.1618e+12
750.09   -1.1618e+12
750.4   -6.7508e+11
750.71   -6.7508e+11
751.02   -6.7508e+11
751.33   -8.4487e+11
751.64   -4.2869e+11
751.95   -4.2869e+11
752.26   -2.7367e+11
752.57   2.3169e+11
752.88   2.3169e+11
753.19   2.3169e+11
753.5   7.6674e+10
753.8   -6.6653e+11
754.12   -7.9753e+11
754.42   -7.9753e+11
754.73   -7.9753e+11
755.04   -8.2319e+11
755.35   -8.2319e+11
755.66   -8.8838e+11
755.97   -8.8487e+11
756.28   -8.8487e+11
756.59   -8.8487e+11
756.9   -8.8487e+11
757.21   -9.0285e+11
757.51   -6.5371e+11
757.82   -6.5371e+11
758.13   -7.3688e+11
758.44   -7.3688e+11
758.75   -5.6804e+11
759.06   -6.6394e+11
759.37   -5.6804e+11
759.68   -5.449e+11
759.98   -6.2521e+11
760.29   -5.449e+11
760.6   -2.9039e+11
760.91   -2.9039e+11
761.22   3.2528e+11
761.53   -8.1559e+10
761.83   -8.1559e+10
762.14   -8.1559e+10
762.45   -3.9324e+11
762.76   -4.6656e+11
763.07   -1.0622e+12
763.37   -1.302e+12
763.68   -1.4093e+12
763.99   -1.4093e+12
764.3   -2.1626e+12
764.61   -2.1626e+12
764.91   -1.4093e+12
765.22   -7.7136e+11
765.53   -6.9229e+11
765.84   -6.9229e+11
766.14   -6.9229e+11
766.45   -3.449e+11
766.76   1.6382e+11
767.06   4.5648e+11
767.37   4.5648e+11
767.68   -2.1173e+11
767.99   -1.0087e+12
768.29   -1.3157e+12
768.6   -1.3157e+12
768.91   -8.3006e+11
769.21   1.8036e+11
769.52   -4.0622e+11
769.83   -8.732e+11
770.13   -1.1003e+12
770.44   -6.7644e+11
770.75   -6.7644e+11
771.05   -6.7644e+11
771.36   -6.7644e+11
771.67   -6.7644e+11
771.97   -6.7644e+11
772.28   -6.7644e+11
772.59   -1.299e+12
772.89   -4.7776e+11
773.2   -8.7323e+11
773.51   -8.7323e+11
773.81   -3.293e+11
774.12   -3.293e+11
774.42   -3.293e+11
774.73   -7.8619e+11
775.04   -9.4478e+11
775.34   -1.3301e+12
775.65   -9.4704e+11
775.95   -1.3754e+12
776.26   -1.3754e+12
776.57   -1.3754e+12
776.87   -1.8175e+12
777.18   -1.3754e+12
777.48   -1.8175e+12
777.79   -1.9053e+12
778.09   -1.9769e+12
778.4   -1.9053e+12
778.7   -1.9077e+12
779.01   -1.8524e+12
779.31   -1.695e+12
779.62   -1.695e+12
779.92   -1.5354e+12
780.23   -1.5354e+12
780.53   -1.5354e+12
780.84   -1.4392e+12
781.14   -1.0001e+12
781.45   -2.2851e+11
781.75   2.8367e+11
782.06   2.8367e+11
782.36   2.8367e+11
782.67   2.8367e+11
782.97   2.8952e+10
783.28   -4.8322e+11
783.58   1.5231e+11
783.89   1.5231e+11
784.19   -9.7067e+10
784.5   -9.5385e+11
784.8   -9.5385e+11
785.1   -9.5385e+11
785.41   -2.1341e+12
785.71   -4.7925e+12
786.02   -4.7925e+12
786.32   -4.7448e+12
786.62   -5.3149e+12
786.93   -4.6815e+12
787.23   -4.6815e+12
787.53   -4.6815e+12
787.84   -4.6815e+12
788.14   -2.8877e+12
788.45   -2.3616e+12
788.75   -1.8195e+12
789.05   -4.286e+11
789.36   -8.7771e+10
789.66   -8.7771e+10
789.96   -8.7771e+10
790.27   -3.1408e+11
790.57   -1.7467e+12
790.87   -1.7467e+12
791.18   -1.7467e+12
791.48   -1.7467e+12
791.78   -1.7467e+12
792.09   -2.7126e+12
792.39   -2.7126e+12
792.69   -1.1107e+12
793   -1.0041e+11
793.3   -1.7803e+12
793.6   -1.0041e+11
793.9   1.5281e+11
794.21   4.8895e+11
794.51   4.8895e+11
794.81   4.8895e+11
795.12   4.8895e+11
795.42   -7.9274e+11
795.72   -2.0025e+12
796.02   -2.118e+12
796.32   -2.118e+12
796.63   -2.118e+12
796.93   -2.118e+12
797.23   -4.1559e+12
797.53   -3.9905e+12
797.84   -3.9905e+12
798.14   -5.8206e+12
798.44   -6.0018e+12
798.74   -5.8206e+12
799.04   -5.2233e+12
799.35   -3.1351e+12
799.65   -3.1351e+12
799.95   -3.1351e+12
