200.34   0
200.72   0
201.1   0
201.48   0
201.85   0
202.23   0
202.61   0
202.99   -0
203.36   -0
203.74   0
204.12   0
204.5   0
204.87   0
205.25   0
205.63   0
206   0
206.38   0
206.76   0
207.13   0
207.51   0
207.89   0
208.27   0
208.64   0
209.02   0
209.4   0
209.77   0
210.15   1.9701e+10
210.53   1.6578e+11
210.9   1.1587e+12
211.28   2.1198e+12
211.66   2.1198e+12
212.03   2.4127e+12
212.41   2.8187e+12
212.79   2.5958e+12
213.16   2.8187e+12
213.54   3.131e+12
213.92   3.131e+12
214.29   3.283e+12
214.67   3.4106e+12
215.04   4.0009e+12
215.42   4.5308e+12
215.8   4.5728e+12
216.17   4.7005e+12
216.55   4.7005e+12
216.93   4.9157e+12
217.3   5.1233e+12
217.68   5.1233e+12
218.06   5.2702e+12
218.43   5.2317e+12
218.81   5.2317e+12
219.18   5.2326e+12
219.56   5.4934e+12
219.93   5.6911e+12
220.31   6.0912e+12
220.69   6.5399e+12
221.06   6.5399e+12
221.44   6.6956e+12
221.81   6.947e+12
222.19   7.1727e+12
222.56   7.3457e+12
222.94   7.5762e+12
223.32   7.6968e+12
223.69   7.8919e+12
224.07   8.2176e+12
224.44   8.4267e+12
224.82   8.4267e+12
225.19   8.4657e+12
225.57   8.5107e+12
225.94   8.5782e+12
226.32   8.6714e+12
226.69   8.9095e+12
227.07   9.1234e+12
227.44   9.2339e+12
227.82   9.3906e+12
228.19   9.4836e+12
228.57   9.7126e+12
228.94   9.9734e+12
229.32   1.0231e+13
229.69   1.0399e+13
230.07   1.0607e+13
230.44   1.0845e+13
230.82   1.0845e+13
231.19   1.0845e+13
231.57   1.0894e+13
231.94   1.0949e+13
232.32   1.1151e+13
232.69   1.1276e+13
233.07   1.136e+13
233.44   1.1424e+13
233.82   1.151e+13
234.19   1.151e+13
234.57   1.1589e+13
234.94   1.1589e+13
235.31   1.1669e+13
235.69   1.1527e+13
236.06   1.1489e+13
236.44   1.1489e+13
236.81   1.1489e+13
237.19   1.1666e+13
237.56   1.1666e+13
237.94   1.1844e+13
238.31   1.1808e+13
238.68   1.1844e+13
239.06   1.1833e+13
239.43   1.1877e+13
239.81   1.1877e+13
240.18   1.1877e+13
240.55   1.1847e+13
240.93   1.1797e+13
241.3   1.1767e+13
241.67   1.1757e+13
242.05   1.1757e+13
242.42   1.1757e+13
242.8   1.1757e+13
243.17   1.164e+13
243.54   1.164e+13
243.92   1.1523e+13
244.29   1.1461e+13
244.66   1.1381e+13
245.04   1.1642e+13
245.41   1.1381e+13
245.78   1.1381e+13
246.16   1.1081e+13
246.53   1.0978e+13
246.9   1.0919e+13
247.28   1.091e+13
247.65   1.0815e+13
248.02   1.0736e+13
248.4   1.0845e+13
248.77   1.0736e+13
249.14   1.0686e+13
249.52   1.0631e+13
249.89   1.0631e+13
250.26   1.0599e+13
250.63   1.0599e+13
251.01   1.0599e+13
251.38   1.0509e+13
251.75   1.0364e+13
252.13   1.0249e+13
252.5   1.022e+13
252.87   1.018e+13
253.25   1.0108e+13
253.62   1.0045e+13
253.99   1.001e+13
254.36   1.001e+13
254.74   9.9542e+12
255.11   9.8419e+12
255.48   9.7144e+12
255.85   9.8623e+12
256.23   9.8623e+12
256.6   9.9223e+12
256.97   9.905e+12
257.34   9.7949e+12
257.71   9.7949e+12
258.09   9.7114e+12
258.46   9.7336e+12
258.83   9.7949e+12
259.2   9.7937e+12
259.58   9.7937e+12
259.95   9.7102e+12
260.32   9.7102e+12
260.69   9.6537e+12
261.06   9.7102e+12
261.44   9.6804e+12
261.81   9.7309e+12
262.18   9.7451e+12
262.55   9.7451e+12
262.92   9.8562e+12
263.3   9.8562e+12
263.67   9.9596e+12
264.04   9.9719e+12
264.41   9.9767e+12
264.78   9.9976e+12
265.15   1.0109e+13
265.52   1.0347e+13
265.9   1.0536e+13
266.27   1.0591e+13
266.64   1.0647e+13
267.01   1.0754e+13
267.38   1.0864e+13
267.75   1.095e+13
268.12   1.1009e+13
268.5   1.1038e+13
268.87   1.1119e+13
269.24   1.1222e+13
269.61   1.128e+13
269.98   1.1359e+13
270.35   1.1517e+13
270.72   1.1627e+13
271.09   1.1853e+13
271.46   1.2146e+13
271.83   1.2242e+13
272.2   1.2295e+13
272.58   1.2329e+13
272.95   1.2524e+13
273.32   1.2892e+13
273.69   1.3093e+13
274.06   1.3142e+13
274.43   1.3191e+13
274.8   1.3327e+13
275.17   1.3456e+13
275.54   1.3555e+13
275.91   1.3705e+13
276.28   1.4057e+13
276.65   1.4301e+13
277.02   1.443e+13
277.39   1.46e+13
277.76   1.46e+13
278.13   1.4699e+13
278.5   1.4771e+13
278.87   1.4861e+13
279.25   1.4928e+13
279.62   1.4984e+13
279.99   1.5079e+13
280.36   1.517e+13
280.73   1.535e+13
281.1   1.5506e+13
281.46   1.5506e+13
281.83   1.5576e+13
282.2   1.5677e+13
282.57   1.5739e+13
282.94   1.5751e+13
283.31   1.5758e+13
283.68   1.578e+13
284.05   1.5817e+13
284.42   1.592e+13
284.79   1.6105e+13
285.16   1.6105e+13
285.53   1.6267e+13
285.9   1.6267e+13
286.27   1.6233e+13
286.64   1.6233e+13
287.01   1.6172e+13
287.38   1.6045e+13
287.75   1.6045e+13
288.12   1.6172e+13
288.49   1.6129e+13
288.86   1.6129e+13
289.23   1.6067e+13
289.59   1.6067e+13
289.96   1.6081e+13
290.33   1.6081e+13
290.7   1.6025e+13
291.07   1.6025e+13
291.44   1.6025e+13
291.81   1.601e+13
292.18   1.599e+13
292.55   1.599e+13
292.92   1.5882e+13
293.28   1.5799e+13
293.65   1.576e+13
294.02   1.5704e+13
294.39   1.5572e+13
294.76   1.5417e+13
295.13   1.5369e+13
295.5   1.5236e+13
295.86   1.5101e+13
296.23   1.5023e+13
296.6   1.4908e+13
296.97   1.4873e+13
297.34   1.4815e+13
297.71   1.4737e+13
298.07   1.471e+13
298.44   1.4687e+13
298.81   1.4498e+13
299.18   1.4273e+13
299.55   1.4087e+13
299.92   1.394e+13
300.28   1.3918e+13
300.65   1.3903e+13
301.02   1.3887e+13
301.39   1.3816e+13
301.75   1.3645e+13
302.12   1.3448e+13
302.49   1.3645e+13
302.86   1.3448e+13
303.23   1.3334e+13
303.59   1.3224e+13
303.96   1.3137e+13
304.33   1.3079e+13
304.7   1.2918e+13
305.06   1.2733e+13
305.43   1.257e+13
305.8   1.2403e+13
306.17   1.2271e+13
306.53   1.2214e+13
306.9   1.2175e+13
307.27   1.1989e+13
307.64   1.1827e+13
308   1.1824e+13
308.37   1.1793e+13
308.74   1.1751e+13
309.11   1.171e+13
309.47   1.1368e+13
309.84   1.1028e+13
310.21   1.0914e+13
310.57   1.0783e+13
310.94   1.0724e+13
311.31   1.0551e+13
311.67   1.0376e+13
312.04   1.0322e+13
312.41   1.027e+13
312.77   1.0151e+13
313.14   1.0042e+13
313.51   9.984e+12
313.88   9.8734e+12
314.24   9.7829e+12
314.61   9.627e+12
314.98   9.4449e+12
315.34   9.3814e+12
315.71   9.2652e+12
316.07   9.0749e+12
316.44   8.9941e+12
316.81   8.8724e+12
317.17   8.6954e+12
317.54   8.6222e+12
317.91   8.5639e+12
318.27   8.5261e+12
318.64   8.4301e+12
319   8.3401e+12
319.37   8.2679e+12
319.74   8.1297e+12
320.1   8.0476e+12
320.47   7.9842e+12
320.83   7.8613e+12
321.2   7.6932e+12
321.57   7.6101e+12
321.93   7.5767e+12
322.3   7.5519e+12
322.66   7.5484e+12
323.03   7.419e+12
323.39   7.2723e+12
323.76   7.2127e+12
324.13   7.135e+12
324.49   7.0906e+12
324.86   6.9845e+12
325.22   6.8497e+12
325.59   6.8006e+12
325.95   6.7536e+12
326.32   6.682e+12
326.69   6.611e+12
327.05   6.5712e+12
327.42   6.5533e+12
327.78   6.5212e+12
328.15   6.4908e+12
328.51   6.4908e+12
328.88   6.4512e+12
329.24   6.3482e+12
329.61   6.2465e+12
329.97   6.1626e+12
330.34   6.0688e+12
330.7   6.0028e+12
331.07   5.9434e+12
331.43   5.8689e+12
331.8   5.7968e+12
332.16   5.7736e+12
332.52   5.6677e+12
332.89   5.5314e+12
333.25   5.4714e+12
333.62   5.4714e+12
333.98   5.3897e+12
334.35   5.3897e+12
334.71   5.32e+12
335.08   5.3034e+12
335.44   5.2878e+12
335.81   5.2019e+12
336.17   5.2019e+12
336.54   5.1255e+12
336.9   5.1186e+12
337.26   5.0821e+12
337.63   5.0215e+12
337.99   4.9464e+12
338.36   4.8801e+12
338.72   4.8318e+12
339.08   4.7958e+12
339.45   4.7152e+12
339.81   4.593e+12
340.18   4.5197e+12
340.54   4.4767e+12
340.9   4.4401e+12
341.27   4.3855e+12
341.63   4.313e+12
342   4.2701e+12
342.36   4.257e+12
342.72   4.2077e+12
343.09   4.1513e+12
343.45   4.1276e+12
343.81   4.1084e+12
344.18   4.0967e+12
344.54   4.0842e+12
344.9   4.0452e+12
345.27   4.0079e+12
345.63   3.9516e+12
345.99   3.8568e+12
346.36   3.8088e+12
346.72   3.748e+12
347.08   3.6877e+12
347.45   3.6663e+12
347.81   3.6447e+12
348.17   3.6115e+12
348.54   3.5707e+12
348.9   3.5584e+12
349.26   3.5191e+12
349.62   3.478e+12
349.99   3.4547e+12
350.35   3.4547e+12
350.71   3.428e+12
351.08   3.4107e+12
351.44   3.3871e+12
351.8   3.3871e+12
352.16   3.304e+12
352.53   3.2067e+12
352.89   3.1496e+12
353.25   3.0917e+12
353.61   3.0917e+12
353.98   3.0601e+12
354.34   3.0601e+12
354.7   3.0601e+12
355.06   3.0733e+12
355.43   3.0351e+12
355.79   3.0054e+12
356.15   2.9783e+12
356.51   2.9206e+12
356.88   2.8985e+12
357.24   2.8824e+12
357.6   2.8717e+12
357.96   2.8644e+12
358.32   2.8644e+12
358.69   2.8644e+12
359.05   2.8431e+12
359.41   2.8302e+12
359.77   2.7818e+12
360.13   2.7578e+12
360.49   2.7438e+12
360.86   2.7228e+12
361.22   2.6827e+12
361.58   2.6535e+12
361.94   2.6467e+12
362.3   2.6141e+12
362.66   2.5848e+12
363.03   2.5743e+12
363.39   2.5804e+12
363.75   2.5728e+12
364.11   2.5506e+12
364.47   2.5506e+12
364.83   2.5293e+12
365.19   2.5293e+12
365.56   2.5293e+12
365.92   2.5207e+12
366.28   2.5293e+12
366.64   2.5219e+12
367   2.5219e+12
367.36   2.5367e+12
367.72   2.5347e+12
368.08   2.5347e+12
368.44   2.5632e+12
368.8   2.5443e+12
369.17   2.5443e+12
369.53   2.5632e+12
369.89   2.6039e+12
370.25   2.6039e+12
370.61   2.6039e+12
370.97   2.5579e+12
371.33   2.5579e+12
371.69   2.5282e+12
372.05   2.5168e+12
372.41   2.5168e+12
372.77   2.4987e+12
373.13   2.4741e+12
373.49   2.4653e+12
373.85   2.4314e+12
374.21   2.3914e+12
374.57   2.3914e+12
374.93   2.3914e+12
375.29   2.3914e+12
375.65   2.3255e+12
376.01   2.255e+12
376.37   2.2907e+12
376.73   2.2798e+12
377.09   2.2798e+12
377.45   2.2441e+12
377.81   2.2441e+12
378.17   2.2441e+12
378.53   2.2441e+12
378.89   2.2561e+12
379.25   2.2561e+12
379.61   2.2661e+12
379.97   2.2661e+12
380.33   2.268e+12
380.69   2.2661e+12
381.05   2.2661e+12
381.41   2.2661e+12
381.77   2.2647e+12
382.13   2.2647e+12
382.49   2.254e+12
382.85   2.1881e+12
383.21   2.1881e+12
383.57   2.1438e+12
383.93   2.1126e+12
384.29   2.1438e+12
384.64   2.1827e+12
385   2.166e+12
385.36   2.166e+12
385.72   2.1232e+12
386.08   2.166e+12
386.44   2.166e+12
386.8   2.1068e+12
387.16   2.1068e+12
387.52   2.1068e+12
387.88   2.0484e+12
388.23   2.0279e+12
388.59   2.0279e+12
388.95   2.0279e+12
389.31   2.0502e+12
389.67   2.0493e+12
390.03   2.0493e+12
390.38   2.0583e+12
390.74   2.0583e+12
391.1   2.0583e+12
391.46   2.104e+12
391.82   2.1479e+12
392.18   2.1032e+12
392.54   2.1032e+12
392.89   2.1479e+12
393.25   2.1479e+12
393.61   2.171e+12
393.97   2.1479e+12
394.33   2.1381e+12
394.68   2.1381e+12
395.04   2.1381e+12
395.4   2.1405e+12
395.76   2.1405e+12
396.12   2.0699e+12
396.47   2.0636e+12
396.83   2.1229e+12
397.19   2.0711e+12
397.55   2.0282e+12
397.9   2.0282e+12
398.26   2.0282e+12
398.62   2.0163e+12
398.98   1.9888e+12
399.33   1.9319e+12
399.69   1.8635e+12
400.05   1.8425e+12
400.41   1.8232e+12
400.76   1.7756e+12
401.12   1.7232e+12
401.48   1.6911e+12
401.84   1.6797e+12
402.19   1.6699e+12
402.55   1.6748e+12
402.91   1.6697e+12
403.26   1.6653e+12
403.62   1.6653e+12
403.98   1.6653e+12
404.34   1.6778e+12
404.69   1.6778e+12
405.05   1.6778e+12
405.41   1.6778e+12
405.76   1.6997e+12
406.12   1.6816e+12
406.48   1.6816e+12
406.83   1.6816e+12
407.19   1.6655e+12
407.55   1.6655e+12
407.9   1.6277e+12
408.26   1.6277e+12
408.62   1.6659e+12
408.97   1.6272e+12
409.33   1.6021e+12
409.69   1.6021e+12
410.04   1.5941e+12
410.4   1.6021e+12
410.75   1.6482e+12
411.11   1.6482e+12
411.47   1.6482e+12
411.82   1.5943e+12
412.18   1.5809e+12
412.53   1.5779e+12
412.89   1.5858e+12
413.25   1.5843e+12
413.6   1.5843e+12
413.96   1.5843e+12
414.31   1.5779e+12
414.67   1.5843e+12
415.02   1.5779e+12
415.38   1.5777e+12
415.74   1.5777e+12
416.09   1.5643e+12
416.45   1.5298e+12
416.8   1.4827e+12
417.16   1.4508e+12
417.51   1.433e+12
417.87   1.4182e+12
418.23   1.4096e+12
418.58   1.3907e+12
418.94   1.3907e+12
419.29   1.3867e+12
419.65   1.3982e+12
420   1.3982e+12
420.36   1.3982e+12
420.71   1.4051e+12
421.07   1.4036e+12
421.42   1.4036e+12
421.78   1.4175e+12
422.13   1.4395e+12
422.49   1.4223e+12
422.84   1.4223e+12
423.2   1.4223e+12
423.55   1.4223e+12
423.91   1.4148e+12
424.26   1.4101e+12
424.62   1.4148e+12
424.97   1.3979e+12
425.32   1.3738e+12
425.68   1.3584e+12
426.03   1.3584e+12
426.39   1.3584e+12
426.74   1.3618e+12
427.1   1.3543e+12
427.45   1.3313e+12
427.81   1.3081e+12
428.16   1.2882e+12
428.51   1.239e+12
428.87   1.2111e+12
429.22   1.244e+12
429.58   1.244e+12
429.93   1.2111e+12
430.28   1.1894e+12
430.64   1.178e+12
430.99   1.178e+12
431.35   1.1629e+12
431.7   1.1749e+12
432.05   1.196e+12
432.41   1.1785e+12
432.76   1.1749e+12
433.11   1.1749e+12
433.47   1.1749e+12
433.82   1.1749e+12
434.18   1.1749e+12
434.53   1.158e+12
434.88   1.158e+12
435.24   1.1482e+12
435.59   1.0861e+12
435.94   1.0466e+12
436.3   1.0596e+12
436.65   1.0431e+12
437   1.0431e+12
437.36   1.0431e+12
437.71   1.0596e+12
438.06   1.0654e+12
438.41   1.0596e+12
438.77   1.038e+12
439.12   1.038e+12
439.47   1.0151e+12
439.83   9.8431e+11
440.18   9.8904e+11
440.53   9.9527e+11
440.88   9.3771e+11
441.24   9.0494e+11
441.59   8.9151e+11
441.94   8.8815e+11
442.3   8.8815e+11
442.65   8.7025e+11
443   8.7242e+11
443.35   8.7242e+11
443.7   8.4714e+11
444.06   8.4714e+11
444.41   8.4714e+11
444.76   8.6503e+11
445.11   8.3564e+11
445.47   8.3564e+11
445.82   8.3564e+11
446.17   8.3564e+11
446.52   8.0704e+11
446.88   7.813e+11
447.23   7.3453e+11
447.58   6.7251e+11
447.93   6.7251e+11
448.28   6.7251e+11
448.63   6.778e+11
448.99   7.4108e+11
449.34   7.4108e+11
449.69   6.8718e+11
450.04   7.4604e+11
450.39   7.4604e+11
450.75   7.9999e+11
451.1   7.9999e+11
451.45   8.1696e+11
451.8   7.9999e+11
452.15   8.0944e+11
452.5   8.0039e+11
452.85   7.5755e+11
453.2   7.5755e+11
453.56   7.4857e+11
453.91   7.6538e+11
454.26   7.4857e+11
454.61   7.3895e+11
454.96   7.2972e+11
455.31   7.3151e+11
455.66   7.1792e+11
456.01   7.3151e+11
456.37   7.3238e+11
456.72   7.2802e+11
457.07   7.1185e+11
457.42   7.0594e+11
457.77   7.0594e+11
458.12   7.0594e+11
458.47   7.0765e+11
458.82   7.0765e+11
459.17   7.009e+11
459.52   7.009e+11
459.87   6.8564e+11
460.22   6.739e+11
460.57   6.739e+11
460.92   6.7124e+11
461.27   6.7124e+11
461.62   6.1765e+11
461.97   5.4565e+11
462.32   5.4565e+11
462.68   5.2552e+11
463.02   5.1201e+11
463.38   5.1201e+11
463.73   4.945e+11
464.07   4.6657e+11
464.43   4.6657e+11
464.77   4.945e+11
465.12   5.1201e+11
465.48   5.3924e+11
465.82   5.3924e+11
466.17   5.5204e+11
466.52   5.5204e+11
466.87   5.1947e+11
467.22   5.1947e+11
467.57   5.5204e+11
467.92   5.5586e+11
468.27   5.479e+11
468.62   5.1947e+11
468.97   5.1266e+11
469.32   5.1266e+11
469.67   4.5991e+11
470.02   4.3775e+11
470.37   4.579e+11
470.72   4.579e+11
471.07   4.3775e+11
471.42   3.774e+11
471.76   3.9652e+11
472.11   4.3775e+11
472.46   4.271e+11
472.81   4.271e+11
473.16   4.2631e+11
473.51   4.2631e+11
473.86   4.0557e+11
474.21   4.0557e+11
474.56   4.2631e+11
474.9   4.3256e+11
475.25   4.3256e+11
475.6   4.2631e+11
475.95   4.1199e+11
476.3   3.9419e+11
476.65   3.8476e+11
477   3.7104e+11
477.35   3.7104e+11
477.69   3.7104e+11
478.04   3.7104e+11
478.39   3.6527e+11
478.74   3.6527e+11
479.09   3.6527e+11
479.43   3.6527e+11
479.78   3.7388e+11
480.13   3.7388e+11
480.48   3.7388e+11
480.83   3.6066e+11
481.18   3.6066e+11
481.52   3.5065e+11
481.87   3.5065e+11
482.22   3.6434e+11
482.57   3.5065e+11
482.91   3.3821e+11
483.26   3.3014e+11
483.61   3.2097e+11
483.96   3.3014e+11
484.3   3.4211e+11
484.65   3.4211e+11
485   3.1824e+11
485.35   3.0104e+11
485.69   2.8761e+11
486.04   2.8761e+11
486.39   3.1683e+11
486.74   2.8761e+11
487.08   2.8314e+11
487.43   2.597e+11
487.78   2.597e+11
488.12   2.597e+11
488.47   2.7704e+11
488.82   2.9916e+11
489.17   3.029e+11
489.51   2.9298e+11
489.86   2.8925e+11
490.21   2.9298e+11
490.55   2.9298e+11
490.9   3.029e+11
491.25   2.9298e+11
491.59   3.0287e+11
491.94   2.9298e+11
492.29   2.908e+11
492.63   2.8343e+11
492.98   2.8343e+11
493.33   2.9303e+11
493.67   2.8636e+11
494.02   2.8636e+11
494.37   2.8636e+11
494.71   2.8636e+11
495.06   2.8636e+11
495.4   2.5765e+11
495.75   2.4636e+11
496.1   2.8213e+11
496.44   2.674e+11
496.79   2.5461e+11
497.13   2.5318e+11
497.48   2.5318e+11
497.83   2.4933e+11
498.17   2.5318e+11
498.52   2.5318e+11
498.86   2.5507e+11
499.21   2.693e+11
499.56   2.5507e+11
499.9   2.6009e+11
500.25   2.7707e+11
500.59   2.9389e+11
500.94   2.9389e+11
501.28   3.159e+11
501.63   3.175e+11
501.97   2.989e+11
502.32   3.0595e+11
502.67   2.8835e+11
503.01   2.8835e+11
503.36   3.0595e+11
503.7   2.8835e+11
504.05   2.8835e+11
504.39   3.0025e+11
504.74   3.0025e+11
505.08   3.0571e+11
505.43   3.1854e+11
505.77   3.3462e+11
506.12   3.3462e+11
506.46   3.3462e+11
506.81   3.2179e+11
507.15   3.2179e+11
507.5   2.8959e+11
507.84   2.9879e+11
508.18   2.7873e+11
508.53   2.6601e+11
508.87   2.5374e+11
509.22   2.5374e+11
509.56   2.5374e+11
509.91   2.5435e+11
510.25   2.6662e+11
510.6   2.7541e+11
510.94   2.6937e+11
511.28   2.6058e+11
511.63   2.6937e+11
511.97   2.7945e+11
512.32   2.9216e+11
512.66   2.9216e+11
513   2.9216e+11
513.35   2.9216e+11
513.69   2.9856e+11
514.04   3.0247e+11
514.38   3.0789e+11
514.72   3.2949e+11
515.07   3.2949e+11
515.41   3.5104e+11
515.75   3.6386e+11
516.1   3.6386e+11
516.44   3.7649e+11
516.79   3.8011e+11
517.13   3.7823e+11
517.47   3.7823e+11
517.82   3.4829e+11
518.16   3.2839e+11
518.5   3.4049e+11
518.85   3.4049e+11
519.19   3.4049e+11
519.53   3.4049e+11
519.88   3.4049e+11
520.22   3.2683e+11
520.56   3.4049e+11
520.9   3.4371e+11
521.25   3.487e+11
521.59   3.487e+11
521.93   3.8354e+11
522.28   4.1599e+11
522.62   4.1599e+11
522.96   4.1599e+11
523.3   3.9425e+11
523.65   4.1599e+11
523.99   4.2564e+11
524.33   4.2664e+11
524.67   4.049e+11
525.02   4.4304e+11
525.36   4.239e+11
525.7   4.1503e+11
526.04   4.1503e+11
526.39   4.2748e+11
526.73   4.4577e+11
527.07   4.4577e+11
527.41   4.5546e+11
527.76   4.5288e+11
528.1   4.642e+11
528.44   4.6945e+11
528.78   4.6945e+11
529.12   4.9806e+11
529.47   4.9806e+11
529.81   5.3227e+11
530.15   5.3227e+11
530.49   5.4457e+11
530.83   5.4206e+11
531.18   5.4206e+11
531.52   5.5532e+11
531.86   5.6219e+11
532.2   5.7758e+11
532.54   5.9474e+11
532.88   6.2057e+11
533.23   6.2227e+11
533.57   6.2227e+11
533.91   6.356e+11
534.25   6.5322e+11
534.59   6.5322e+11
534.93   6.6792e+11
535.27   6.7288e+11
535.61   6.7315e+11
535.96   6.7526e+11
536.3   6.7526e+11
536.64   6.778e+11
536.98   6.8739e+11
537.32   6.8739e+11
537.66   6.8603e+11
538   7.1531e+11
538.34   7.4164e+11
538.68   7.4164e+11
539.02   7.4164e+11
539.36   7.4164e+11
539.7   7.762e+11
540.04   8.1166e+11
540.38   7.993e+11
540.73   8.1166e+11
541.07   8.1981e+11
541.41   8.3597e+11
541.75   8.5336e+11
542.09   8.5449e+11
542.43   8.7546e+11
542.77   8.7546e+11
543.11   9.1231e+11
543.45   9.3651e+11
543.79   9.3651e+11
544.13   9.4796e+11
544.47   9.6709e+11
544.81   9.9691e+11
545.15   1.0163e+12
545.49   1.0222e+12
545.83   1.0453e+12
546.17   1.071e+12
546.51   1.0838e+12
546.85   1.0838e+12
547.19   1.1076e+12
547.53   1.1221e+12
547.87   1.1273e+12
548.21   1.133e+12
548.54   1.133e+12
548.88   1.1837e+12
549.22   1.236e+12
549.56   1.243e+12
549.9   1.2542e+12
550.24   1.2558e+12
550.58   1.2479e+12
550.92   1.2485e+12
551.26   1.2485e+12
551.6   1.273e+12
551.94   1.273e+12
552.28   1.317e+12
552.62   1.344e+12
552.95   1.3609e+12
553.29   1.3923e+12
553.63   1.4243e+12
553.97   1.4472e+12
554.31   1.4712e+12
554.65   1.4999e+12
554.99   1.5257e+12
555.33   1.5758e+12
555.66   1.6038e+12
556   1.6245e+12
556.34   1.6245e+12
556.68   1.6374e+12
557.02   1.6672e+12
557.36   1.6876e+12
557.69   1.7112e+12
558.03   1.7404e+12
558.37   1.7701e+12
558.71   1.806e+12
559.05   1.8464e+12
559.38   1.8821e+12
559.72   1.8961e+12
560.06   1.9222e+12
560.4   1.963e+12
560.74   1.9833e+12
561.07   1.991e+12
561.41   2.0219e+12
561.75   2.0649e+12
562.09   2.0994e+12
562.42   2.1267e+12
562.76   2.1451e+12
563.1   2.1861e+12
563.44   2.2258e+12
563.77   2.2413e+12
564.11   2.2505e+12
564.45   2.3389e+12
564.79   2.4541e+12
565.12   2.4868e+12
565.46   2.5137e+12
565.8   2.5365e+12
566.14   2.5401e+12
566.47   2.5445e+12
566.81   2.5557e+12
567.15   2.5814e+12
567.48   2.604e+12
567.82   2.6301e+12
568.16   2.6878e+12
568.5   2.6932e+12
568.83   2.7224e+12
569.17   2.778e+12
569.5   2.8663e+12
569.84   2.9135e+12
570.18   2.9536e+12
570.51   2.9858e+12
570.85   3.0044e+12
571.19   3.0215e+12
571.52   3.0737e+12
571.86   3.1364e+12
572.2   3.166e+12
572.53   3.2041e+12
572.87   3.2547e+12
573.21   3.3202e+12
573.54   3.359e+12
573.88   3.399e+12
574.21   3.478e+12
574.55   3.5589e+12
574.89   3.6307e+12
575.22   3.6793e+12
575.56   3.6957e+12
575.89   3.7216e+12
576.23   3.7597e+12
576.57   3.814e+12
576.9   3.8721e+12
577.24   3.9057e+12
577.57   3.9237e+12
577.91   3.9417e+12
578.24   3.9733e+12
578.58   4.0812e+12
578.91   4.1844e+12
579.25   4.2125e+12
579.59   4.3046e+12
579.92   4.3984e+12
580.26   4.4289e+12
580.59   4.4573e+12
580.93   4.4854e+12
581.26   4.5372e+12
581.6   4.6056e+12
581.93   4.6429e+12
582.27   4.6918e+12
582.6   4.7576e+12
582.94   4.8115e+12
583.27   4.8914e+12
583.61   4.9524e+12
583.94   4.9886e+12
584.27   5.0405e+12
584.61   5.0868e+12
584.95   5.1116e+12
585.28   5.1252e+12
585.61   5.1493e+12
585.95   5.1694e+12
586.28   5.2045e+12
586.62   5.2293e+12
586.95   5.2681e+12
587.29   5.3427e+12
587.62   5.4016e+12
587.95   5.411e+12
588.29   5.4498e+12
588.62   5.5375e+12
588.96   5.642e+12
589.29   5.6985e+12
589.62   5.7166e+12
589.96   5.7312e+12
590.29   5.7471e+12
590.63   5.779e+12
590.96   5.8312e+12
591.29   5.9017e+12
591.63   5.9612e+12
591.96   6.0575e+12
592.29   6.14e+12
592.63   6.1579e+12
592.96   6.2205e+12
593.29   6.2873e+12
593.63   6.3613e+12
593.96   6.4273e+12
594.3   6.4635e+12
594.63   6.497e+12
594.96   6.5089e+12
595.29   6.5804e+12
595.63   6.6527e+12
595.96   6.6673e+12
596.29   6.7139e+12
596.63   6.79e+12
596.96   6.8289e+12
597.29   6.8621e+12
597.63   6.9289e+12
597.96   6.965e+12
598.29   7.0162e+12
598.62   7.0751e+12
598.96   7.0971e+12
599.29   7.1703e+12
599.62   7.2314e+12
599.96   7.2571e+12
600.29   7.2868e+12
600.62   7.2868e+12
600.95   7.2941e+12
601.29   7.2941e+12
601.62   7.2868e+12
601.95   7.3014e+12
602.28   7.3319e+12
602.62   7.3626e+12
602.95   7.3929e+12
603.28   7.4356e+12
603.61   7.4865e+12
603.94   7.6043e+12
604.27   7.6743e+12
604.61   7.7031e+12
604.94   7.747e+12
605.27   7.7658e+12
605.6   7.7848e+12
605.93   7.8069e+12
606.27   7.8593e+12
606.6   7.9326e+12
606.93   7.9681e+12
607.26   7.9804e+12
607.59   8.0159e+12
607.92   8.0495e+12
608.25   8.0501e+12
608.59   8.0585e+12
608.92   8.0672e+12
609.25   8.1187e+12
609.58   8.171e+12
609.91   8.1862e+12
610.24   8.2244e+12
610.57   8.2596e+12
610.9   8.2772e+12
611.24   8.2772e+12
611.57   8.3041e+12
611.9   8.3413e+12
612.23   8.3413e+12
612.56   8.3761e+12
612.89   8.3761e+12
613.22   8.4112e+12
613.55   8.3761e+12
613.88   8.4112e+12
614.21   8.4845e+12
614.54   8.5036e+12
614.87   8.6355e+12
615.2   8.506e+12
615.53   8.558e+12
615.87   8.558e+12
616.2   8.558e+12
616.53   8.558e+12
616.86   8.558e+12
617.19   8.5981e+12
617.52   8.5981e+12
617.85   8.5981e+12
618.18   8.5981e+12
618.51   8.707e+12
618.84   8.7368e+12
619.17   8.6854e+12
619.5   8.7368e+12
619.83   8.8127e+12
620.16   8.8127e+12
620.49   8.8728e+12
620.82   8.8728e+12
621.14   8.8818e+12
621.47   8.8728e+12
621.8   8.8094e+12
622.13   8.8094e+12
622.46   8.8728e+12
622.79   8.8728e+12
623.12   8.8151e+12
623.45   8.8151e+12
623.78   8.8254e+12
624.11   8.8039e+12
624.44   8.8039e+12
624.77   8.8039e+12
625.1   8.7868e+12
625.42   8.8776e+12
625.75   8.7868e+12
626.08   8.7868e+12
626.41   8.7868e+12
626.74   8.7974e+12
627.07   8.722e+12
627.4   8.722e+12
627.73   8.722e+12
628.06   8.7707e+12
628.38   8.8799e+12
628.71   8.8079e+12
629.04   8.8079e+12
629.37   8.7971e+12
629.7   8.8079e+12
630.03   8.862e+12
630.36   8.862e+12
630.68   8.8105e+12
631.01   8.862e+12
631.34   8.862e+12
631.67   8.862e+12
632   8.8595e+12
632.32   8.8595e+12
632.65   8.8595e+12
632.98   8.8552e+12
633.31   8.7852e+12
633.64   8.7389e+12
633.96   8.6903e+12
634.29   8.6903e+12
634.62   8.6525e+12
634.95   8.6379e+12
635.27   8.6285e+12
635.6   8.5975e+12
635.93   8.6041e+12
636.26   8.6041e+12
636.58   8.6114e+12
636.91   8.6114e+12
637.24   8.5673e+12
637.57   8.5469e+12
637.89   8.5469e+12
638.22   8.5673e+12
638.55   8.5673e+12
638.88   8.5673e+12
639.2   8.5469e+12
639.53   8.501e+12
639.86   8.4444e+12
640.18   8.3348e+12
640.51   8.2905e+12
640.84   8.2905e+12
641.16   8.2905e+12
641.49   8.2347e+12
641.82   8.2306e+12
642.14   8.2081e+12
642.47   8.1999e+12
642.8   8.1999e+12
643.12   8.2009e+12
643.45   8.1886e+12
643.78   8.1589e+12
644.1   8.0867e+12
644.43   8.0367e+12
644.75   8.0367e+12
645.08   8.0441e+12
645.41   8.0367e+12
645.73   8.0367e+12
646.06   8.0367e+12
646.38   8.0213e+12
646.71   7.989e+12
647.04   7.9737e+12
647.36   7.9737e+12
647.69   7.9327e+12
648.01   7.8796e+12
648.34   7.8198e+12
648.67   7.8251e+12
648.99   7.8251e+12
649.32   7.8159e+12
649.64   7.7969e+12
649.97   7.7954e+12
650.29   7.7771e+12
650.62   7.7693e+12
650.94   7.7693e+12
651.27   7.7509e+12
651.6   7.7056e+12
651.92   7.6629e+12
652.25   7.6629e+12
652.57   7.6457e+12
652.89   7.6629e+12
653.22   7.657e+12
653.54   7.6388e+12
653.87   7.6123e+12
654.2   7.4922e+12
654.52   7.3662e+12
654.85   7.3116e+12
655.17   7.2772e+12
655.49   7.2363e+12
655.82   7.2069e+12
656.14   7.1771e+12
656.47   7.1756e+12
656.79   7.1756e+12
657.12   7.1181e+12
657.44   7.1756e+12
657.77   7.146e+12
658.09   7.113e+12
658.41   7.1089e+12
658.74   7.1089e+12
659.06   7.079e+12
659.39   7.079e+12
659.71   7.0702e+12
660.03   6.9709e+12
660.36   6.8702e+12
660.68   6.8516e+12
661.01   6.842e+12
661.33   6.8407e+12
661.65   6.8227e+12
661.98   6.8061e+12
662.3   6.8061e+12
662.62   6.694e+12
662.95   6.6769e+12
663.27   6.577e+12
663.6   6.5147e+12
663.92   6.577e+12
664.24   6.5604e+12
664.57   6.6036e+12
664.89   6.6036e+12
665.21   6.492e+12
665.54   6.4032e+12
665.86   6.4032e+12
666.18   6.3402e+12
666.5   6.3402e+12
666.83   6.322e+12
667.15   6.2318e+12
667.47   6.1874e+12
667.8   6.1874e+12
668.12   6.1703e+12
668.44   6.1339e+12
668.76   6.0694e+12
669.09   6.0853e+12
669.41   6.0853e+12
669.73   6.0853e+12
670.06   6.041e+12
670.38   6.0853e+12
670.7   6.0545e+12
671.02   6.0076e+12
671.35   5.9203e+12
671.67   5.9182e+12
671.99   5.9046e+12
672.31   5.9046e+12
672.63   5.7889e+12
672.96   5.8377e+12
673.28   5.7793e+12
673.6   5.6643e+12
673.92   5.5376e+12
674.24   5.6643e+12
674.57   5.6643e+12
674.89   5.5376e+12
675.21   5.5078e+12
675.53   5.4788e+12
675.85   5.3963e+12
676.17   5.3915e+12
676.5   5.3915e+12
676.82   5.3915e+12
677.14   5.3915e+12
677.46   5.3599e+12
677.78   5.3124e+12
678.1   5.2651e+12
678.42   5.2441e+12
678.75   5.2441e+12
679.07   5.2343e+12
679.39   5.1992e+12
679.71   5.1618e+12
680.03   5.1618e+12
680.35   5.1131e+12
680.67   4.9849e+12
680.99   5.1131e+12
681.31   5.1131e+12
681.63   5.1055e+12
681.96   4.9756e+12
682.28   5.0248e+12
682.6   4.9453e+12
682.92   4.8218e+12
683.24   4.728e+12
683.56   4.7006e+12
683.88   4.6842e+12
684.2   4.5277e+12
684.52   4.3744e+12
684.84   4.3409e+12
685.16   4.2706e+12
685.48   4.2706e+12
685.8   4.2706e+12
686.12   4.3409e+12
686.44   4.3409e+12
686.76   4.3515e+12
687.08   4.3097e+12
687.4   4.3097e+12
687.72   4.3097e+12
688.04   4.3127e+12
688.36   4.4748e+12
688.68   4.4748e+12
689   4.3127e+12
689.32   4.1977e+12
689.64   4.1065e+12
689.96   4.0186e+12
690.28   4.0381e+12
690.6   4.0381e+12
690.92   4.0306e+12
691.24   3.9544e+12
691.56   3.8995e+12
691.88   3.8588e+12
692.19   3.8588e+12
692.51   3.8986e+12
692.83   3.927e+12
693.15   3.927e+12
693.47   3.927e+12
693.79   3.8864e+12
694.11   3.8864e+12
694.43   3.8864e+12
694.75   3.8327e+12
695.07   3.8327e+12
695.38   3.7307e+12
695.7   3.7307e+12
696.02   3.6967e+12
696.34   3.6967e+12
696.66   3.6932e+12
696.98   3.6932e+12
697.29   3.6555e+12
697.61   3.6038e+12
697.93   3.5973e+12
698.25   3.5973e+12
698.57   3.6219e+12
698.89   3.6219e+12
699.2   3.5973e+12
699.52   3.6159e+12
699.84   3.6159e+12
700.16   3.6159e+12
700.48   3.6159e+12
700.79   3.6159e+12
701.11   3.4968e+12
701.43   3.4968e+12
701.75   3.3593e+12
702.07   3.2583e+12
702.38   3.1504e+12
702.7   3.1504e+12
703.02   3.1504e+12
703.34   3.2583e+12
703.65   3.1504e+12
703.97   3.2333e+12
704.29   3.2836e+12
704.61   3.2836e+12
704.92   3.456e+12
705.24   3.456e+12
705.56   3.456e+12
705.87   3.456e+12
706.19   3.4102e+12
706.51   3.2812e+12
706.83   3.2812e+12
707.14   3.1341e+12
707.46   3.0689e+12
707.77   3.0758e+12
708.09   3.0692e+12
708.41   3.0418e+12
708.73   2.9482e+12
709.04   2.8744e+12
709.36   2.8744e+12
709.67   2.9736e+12
709.99   2.9415e+12
710.31   2.7322e+12
710.62   2.8632e+12
710.94   2.7322e+12
711.26   2.7322e+12
711.57   2.7322e+12
711.89   2.6221e+12
712.21   2.6221e+12
712.52   2.5459e+12
712.84   2.5396e+12
713.15   2.4544e+12
713.47   2.402e+12
713.78   2.402e+12
714.1   2.4544e+12
714.42   2.4544e+12
714.73   2.5386e+12
715.05   2.5821e+12
715.36   2.6619e+12
715.68   2.6619e+12
716   2.6609e+12
716.31   2.6609e+12
716.63   2.6609e+12
716.94   2.5214e+12
717.26   2.3255e+12
717.57   2.3255e+12
717.89   2.3255e+12
718.2   2.1251e+12
718.52   2.0577e+12
718.83   2.0577e+12
719.15   2.2612e+12
719.46   2.0577e+12
719.78   2.2055e+12
720.09   2.1753e+12
720.41   2.1753e+12
720.72   2.0471e+12
721.04   2.0471e+12
721.35   2.2219e+12
721.67   2.3371e+12
721.98   2.2559e+12
722.29   2.2559e+12
722.61   2.2559e+12
722.92   2.1407e+12
723.24   2.1544e+12
723.55   2.1694e+12
723.87   2.2559e+12
724.18   2.1694e+12
724.5   2.136e+12
724.81   2.136e+12
725.12   2.1259e+12
725.44   1.9969e+12
725.75   1.9969e+12
726.07   1.9969e+12
726.38   2.0017e+12
726.69   1.8956e+12
727.01   1.8956e+12
727.32   1.9281e+12
727.63   1.9281e+12
727.95   1.9281e+12
728.26   1.9281e+12
728.58   1.9281e+12
728.89   1.9281e+12
729.2   1.9281e+12
729.52   1.816e+12
729.83   1.6589e+12
730.14   1.5401e+12
730.46   1.5401e+12
730.77   1.514e+12
731.08   1.2853e+12
731.39   1.2853e+12
731.71   1.2853e+12
732.02   1.0735e+12
732.33   9.7252e+11
732.65   9.7252e+11
732.96   1.0735e+12
733.27   1.3021e+12
733.59   9.7252e+11
733.9   9.7252e+11
734.21   1.2327e+12
734.52   9.7252e+11
734.84   1.1529e+12
735.15   1.5562e+12
735.46   1.5966e+12
735.77   1.616e+12
736.09   1.6088e+12
736.4   1.6088e+12
736.71   1.6088e+12
737.02   1.6088e+12
737.33   1.524e+12
737.65   1.6088e+12
737.96   1.524e+12
738.27   1.524e+12
738.58   1.524e+12
738.89   1.4779e+12
739.21   1.4357e+12
739.52   1.4357e+12
739.83   1.3214e+12
740.14   1.1469e+12
740.45   1.1469e+12
740.76   1.1469e+12
741.08   1.1469e+12
741.39   1.0468e+12
741.7   1.1469e+12
742.01   1.0468e+12
742.32   1.0085e+12
742.63   9.3711e+11
742.94   9.3711e+11
743.25   9.3711e+11
743.57   9.3711e+11
743.88   9.3711e+11
744.19   1.0394e+12
744.5   1.0394e+12
744.81   9.2661e+11
745.12   9.6105e+11
745.43   9.6105e+11
745.74   1.1253e+12
746.05   1.1253e+12
746.36   1.1253e+12
746.67   1.2068e+12
746.99   1.4903e+12
747.3   1.4903e+12
747.61   1.4904e+12
747.92   1.4904e+12
748.23   1.2918e+12
748.54   1.2918e+12
748.85   1.237e+12
749.16   1.132e+12
749.47   9.7429e+11
749.78   6.8753e+11
750.09   6.8753e+11
750.4   9.7429e+11
750.71   9.7429e+11
751.02   1.0628e+12
751.33   9.7429e+11
751.64   1.0628e+12
751.95   1.1621e+12
752.26   1.1621e+12
752.57   1.3068e+12
752.88   1.5671e+12
753.19   1.5671e+12
753.5   1.5671e+12
753.8   1.0425e+12
754.12   6.8902e+11
754.42   6.8902e+11
754.73   6.8902e+11
755.04   5.2409e+11
755.35   2.6884e+11
755.66   1.6941e+11
755.97   1.6941e+11
756.28   1.6941e+11
756.59   2.6884e+11
756.9   2.6884e+11
757.21   7.368e+11
757.51   7.368e+11
757.82   7.368e+11
758.13   7.3704e+11
758.44   8.5399e+11
758.75   8.5399e+11
759.06   6.24e+11
759.37   1.0002e+12
759.68   6.24e+11
759.98   4.8444e+11
760.29   4.8444e+11
760.6   6.24e+11
760.91   6.24e+11
761.22   8.2525e+11
761.53   1.1435e+12
761.83   1.1435e+12
762.14   1.1435e+12
762.45   4.9681e+11
762.76   4.9681e+11
763.07   4.9222e+11
763.37   6.3178e+11
763.68   6.3178e+11
763.99   6.8625e+11
764.3   -1.2912e+11
764.61   -1.2912e+11
764.91   -1.2912e+11
765.22   6.7556e+11
765.53   6.3825e+11
765.84   6.3825e+11
766.14   7.8776e+11
766.45   3.915e+11
766.76   3.915e+11
767.06   3.915e+11
767.37   9.7431e+11
767.68   9.8115e+11
767.99   9.8115e+11
768.29   4.9173e+11
768.6   1.0562e+12
768.91   1.0562e+12
769.21   1.5611e+12
769.52   1.5611e+12
769.83   1.2557e+12
770.13   6.9125e+11
770.44   3.0191e+11
770.75   3.0191e+11
771.05   5.8775e+11
771.36   5.8775e+11
771.67   4.6236e+11
771.97   8.517e+11
772.28   8.517e+11
772.59   8.517e+11
772.89   1.0782e+12
773.2   1.0782e+12
773.51   1.132e+12
773.81   1.2537e+12
774.12   7.8003e+11
774.42   7.8003e+11
774.73   3.663e+11
775.04   3.663e+11
775.34   -1.7184e+11
775.65   2.9564e+11
775.95   -5.7286e+11
776.26   -8.0982e+11
776.57   -8.0982e+11
776.87   -8.0982e+11
777.18   5.9666e+11
777.48   1.0333e+12
777.79   1.0333e+12
778.09   5.7751e+11
778.4   8.4974e+11
778.7   8.4974e+11
779.01   8.4974e+11
779.31   8.4974e+11
779.62   5.7751e+11
779.92   5.7751e+11
780.23   5.6517e+11
780.53   4.3361e+10
780.84   5.6517e+11
781.14   5.4546e+11
781.45   5.4546e+11
781.75   5.4546e+11
782.06   5.4546e+11
782.36   5.4546e+11
782.67   6.074e+11
782.97   5.4546e+11
783.28   -5.2046e+10
783.58   5.4677e+11
783.89   -5.2046e+10
784.19   -6.4147e+11
784.5   -6.9429e+11
784.8   -6.9429e+11
785.1   -9.1418e+11
785.41   -1.5171e+12
785.71   -2.1398e+12
786.02   -2.1398e+12
786.32   -2.0821e+12
786.62   -2.0821e+12
786.93   -2.1571e+12
787.23   -2.1571e+12
787.53   -1.1327e+12
787.84   -1.1327e+12
788.14   3.934e+10
788.45   3.934e+10
788.75   3.934e+10
789.05   3.934e+10
789.36   3.3279e+11
789.66   3.3279e+11
789.96   6.4976e+11
790.27   6.979e+11
790.57   5.6586e+11
790.87   5.6586e+11
791.18   8.9179e+11
791.48   8.9179e+11
791.78   8.9179e+11
792.09   8.9179e+11
792.39   8.9179e+11
792.69   8.9179e+11
793   1.4142e+12
793.3   6.1071e+10
793.6   -1.9076e+11
793.9   -1.9076e+11
794.21   -1.9076e+11
794.51   -1.9076e+11
794.81   6.8461e+11
795.12   6.864e+11
795.42   2.5788e+11
795.72   4.95e+11
796.02   2.5788e+11
796.32   2.5788e+11
796.63   4.95e+11
796.93   4.95e+11
797.23   1.7544e+11
797.53   1.7544e+11
797.84   -2.8081e+11
798.14   -9.145e+11
798.44   -2.0969e+12
798.74   -2.0969e+12
799.04   -9.145e+11
799.35   -3.2641e+11
799.65   -3.2641e+11
799.95   -3.2641e+11
