
200.34   0
200.72   0
201.1   0
201.48   0
201.85   0
202.23   -0
202.61   0
202.99   -0
203.36   -0
203.74   0
204.12   -0
204.5   0
204.87   -0
205.25   -0
205.63   0
206   -0
206.38   0
206.76   -0
207.13   0
207.51   0
207.89   -0
208.27   0
208.64   0
209.02   0
209.4   0
209.77   0
210.15   0
210.53   8.2176e+09
210.9   9.8294e+10
211.28   4.3261e+11
211.66   7.6267e+11
212.03   7.6267e+11
212.41   1.081e+12
212.79   1.0003e+12
213.16   1.0003e+12
213.54   1.241e+12
213.92   1.241e+12
214.29   1.4144e+12
214.67   1.4144e+12
215.04   1.5791e+12
215.42   1.6761e+12
215.8   1.7555e+12
216.17   2.0702e+12
216.55   2.3876e+12
216.93   2.6506e+12
217.3   2.6506e+12
217.68   2.6506e+12
218.06   3.0638e+12
218.43   3.3062e+12
218.81   3.3962e+12
219.18   3.3962e+12
219.56   3.4936e+12
219.93   3.541e+12
220.31   3.7352e+12
220.69   3.9473e+12
221.06   4.0768e+12
221.44   4.2854e+12
221.81   4.2693e+12
222.19   4.3712e+12
222.56   4.5309e+12
222.94   4.7584e+12
223.32   4.7584e+12
223.69   4.9142e+12
224.07   5.0704e+12
224.44   5.5664e+12
224.82   5.5664e+12
225.19   5.0704e+12
225.57   5.5498e+12
225.94   5.5498e+12
226.32   5.967e+12
226.69   5.7774e+12
227.07   5.7774e+12
227.44   5.7774e+12
227.82   5.7774e+12
228.19   5.7774e+12
228.57   5.984e+12
228.94   6.2463e+12
229.32   6.6563e+12
229.69   6.8724e+12
230.07   6.6563e+12
230.44   6.9234e+12
230.82   6.9747e+12
231.19   7.0542e+12
231.57   7.0255e+12
231.94   7.0255e+12
232.32   7.0255e+12
232.69   7.026e+12
233.07   7.1262e+12
233.44   7.1262e+12
233.82   7.2146e+12
234.19   7.1262e+12
234.57   7.2146e+12
234.94   7.2941e+12
235.31   7.2941e+12
235.69   7.2941e+12
236.06   7.2417e+12
236.44   7.2655e+12
236.81   7.2244e+12
237.19   7.2244e+12
237.56   7.2244e+12
237.94   7.3937e+12
238.31   7.4118e+12
238.68   7.2244e+12
239.06   7.2942e+12
239.43   7.2942e+12
239.81   7.2942e+12
240.18   7.4577e+12
240.55   7.4577e+12
240.93   7.3314e+12
241.3   7.166e+12
241.67   7.166e+12
242.05   7.166e+12
242.42   7.3314e+12
242.8   7.4044e+12
243.17   7.4044e+12
243.54   7.4044e+12
243.92   7.1307e+12
244.29   7.0046e+12
244.66   7.0046e+12
245.04   7.1843e+12
245.41   7.1843e+12
245.78   7.0046e+12
246.16   7.0046e+12
246.53   7.0046e+12
246.9   7.0216e+12
247.28   7.0869e+12
247.65   7.0869e+12
248.02   7.0609e+12
248.4   7.0609e+12
248.77   7.0029e+12
249.14   6.9801e+12
249.52   6.9801e+12
249.89   6.9048e+12
250.26   6.8164e+12
250.63   6.6274e+12
251.01   6.6274e+12
251.38   6.4475e+12
251.75   6.4149e+12
252.13   6.3743e+12
252.5   6.3743e+12
252.87   6.4149e+12
253.25   6.4462e+12
253.62   6.4462e+12
253.99   6.4577e+12
254.36   6.4536e+12
254.74   6.4536e+12
255.11   6.4536e+12
255.48   6.4536e+12
255.85   6.4536e+12
256.23   6.3834e+12
256.6   6.3377e+12
256.97   6.307e+12
257.34   6.3377e+12
257.71   6.3215e+12
258.09   6.307e+12
258.46   6.265e+12
258.83   6.2741e+12
259.2   6.2351e+12
259.58   6.2351e+12
259.95   6.2351e+12
260.32   6.1526e+12
260.69   6.1526e+12
261.06   6.1526e+12
261.44   6.0657e+12
261.81   6.1526e+12
262.18   6.0657e+12
262.55   6.0657e+12
262.92   6.0657e+12
263.3   6.1294e+12
263.67   6.2581e+12
264.04   6.2581e+12
264.41   6.362e+12
264.78   6.3789e+12
265.15   6.4626e+12
265.52   6.5882e+12
265.9   6.7281e+12
266.27   6.7781e+12
266.64   6.7781e+12
267.01   6.7989e+12
267.38   6.8535e+12
267.75   6.997e+12
268.12   7.1144e+12
268.5   7.1501e+12
268.87   7.1162e+12
269.24   7.2099e+12
269.61   7.3237e+12
269.98   7.4356e+12
270.35   7.5523e+12
270.72   7.6502e+12
271.09   7.7025e+12
271.46   7.7554e+12
271.83   7.8305e+12
272.2   7.8844e+12
272.58   7.9308e+12
272.95   8.127e+12
273.32   8.3295e+12
273.69   8.5328e+12
274.06   8.7073e+12
274.43   8.7073e+12
274.8   8.7073e+12
275.17   8.736e+12
275.54   8.768e+12
275.91   8.8237e+12
276.28   8.9606e+12
276.65   9.0777e+12
277.02   9.1179e+12
277.39   9.3695e+12
277.76   9.3695e+12
278.13   9.4353e+12
278.5   9.6451e+12
278.87   9.6451e+12
279.25   9.6885e+12
279.62   9.7106e+12
279.99   9.7961e+12
280.36   9.8892e+12
280.73   9.8885e+12
281.1   9.9138e+12
281.46   9.9251e+12
281.83   9.9741e+12
282.2   9.9741e+12
282.57   1.0026e+13
282.94   1.0047e+13
283.31   1.0034e+13
283.68   1.0127e+13
284.05   1.0299e+13
284.42   1.0299e+13
284.79   1.043e+13
285.16   1.043e+13
285.53   1.043e+13
285.9   1.0448e+13
286.27   1.0417e+13
286.64   1.0249e+13
287.01   1.0249e+13
287.38   1.0057e+13
287.75   1.0057e+13
288.12   1.0147e+13
288.49   1.0147e+13
288.86   1.0206e+13
289.23   1.0123e+13
289.59   1.0123e+13
289.96   1.0161e+13
290.33   1.0206e+13
290.7   1.0241e+13
291.07   1.0245e+13
291.44   1.0245e+13
291.81   1.0245e+13
292.18   1.0245e+13
292.55   1.0245e+13
292.92   1.0245e+13
293.28   1.019e+13
293.65   1.0185e+13
294.02   1.0136e+13
294.39   1.009e+13
294.76   1.0021e+13
295.13   9.9891e+12
295.5   9.8834e+12
295.86   9.8591e+12
296.23   9.7487e+12
296.6   9.7142e+12
296.97   9.7142e+12
297.34   9.6985e+12
297.71   9.6758e+12
298.07   9.6562e+12
298.44   9.6562e+12
298.81   9.4248e+12
299.18   9.2049e+12
299.55   9.1915e+12
299.92   9.1421e+12
300.28   9.1421e+12
300.65   9.0431e+12
301.02   8.918e+12
301.39   8.8575e+12
301.75   8.7535e+12
302.12   8.6234e+12
302.49   8.7535e+12
302.86   8.6234e+12
303.23   8.5743e+12
303.59   8.5648e+12
303.96   8.5108e+12
304.33   8.4513e+12
304.7   8.4378e+12
305.06   8.3651e+12
305.43   8.2924e+12
305.8   8.2576e+12
306.17   8.222e+12
306.53   8.1285e+12
306.9   7.9082e+12
307.27   7.9793e+12
307.64   7.7575e+12
308   7.7389e+12
308.37   7.7355e+12
308.74   7.7198e+12
309.11   7.6988e+12
309.47   7.5148e+12
309.84   7.3157e+12
310.21   7.2375e+12
310.57   7.0524e+12
310.94   7.0524e+12
311.31   6.8941e+12
311.67   6.8431e+12
312.04   6.7713e+12
312.41   6.719e+12
312.77   6.7004e+12
313.14   6.5818e+12
313.51   6.459e+12
313.88   6.4376e+12
314.24   6.3975e+12
314.61   6.3486e+12
314.98   6.2573e+12
315.34   6.1311e+12
315.71   5.9821e+12
316.07   5.8724e+12
316.44   5.8571e+12
316.81   5.8112e+12
317.17   5.726e+12
317.54   5.6562e+12
317.91   5.6185e+12
318.27   5.5616e+12
318.64   5.5059e+12
319   5.4667e+12
319.37   5.4667e+12
319.74   5.4271e+12
320.1   5.3171e+12
320.47   5.2061e+12
320.83   5.1512e+12
321.2   5.0894e+12
321.57   5.0504e+12
321.93   5.0504e+12
322.3   5.0504e+12
322.66   5.0129e+12
323.03   5.0129e+12
323.39   4.9563e+12
323.76   4.9191e+12
324.13   4.9104e+12
324.49   4.9104e+12
324.86   4.8371e+12
325.22   4.709e+12
325.59   4.5955e+12
325.95   4.5599e+12
326.32   4.4649e+12
326.69   4.4525e+12
327.05   4.4124e+12
327.42   4.419e+12
327.78   4.3854e+12
328.15   4.3764e+12
328.51   4.3764e+12
328.88   4.3385e+12
329.24   4.2983e+12
329.61   4.1859e+12
329.97   4.0888e+12
330.34   4.0888e+12
330.7   4.0736e+12
331.07   4.0686e+12
331.43   4.0686e+12
331.8   4.0678e+12
332.16   4.0318e+12
332.52   3.9301e+12
332.89   3.8584e+12
333.25   3.7921e+12
333.62   3.7131e+12
333.98   3.698e+12
334.35   3.698e+12
334.71   3.6505e+12
335.08   3.6022e+12
335.44   3.6022e+12
335.81   3.568e+12
336.17   3.568e+12
336.54   3.5483e+12
336.9   3.4509e+12
337.26   3.3877e+12
337.63   3.361e+12
337.99   3.3398e+12
338.36   3.3168e+12
338.72   3.308e+12
339.08   3.2932e+12
339.45   3.2155e+12
339.81   3.1215e+12
340.18   3.0855e+12
340.54   3.0228e+12
340.9   2.9472e+12
341.27   2.9181e+12
341.63   2.8647e+12
342   2.822e+12
342.36   2.8059e+12
342.72   2.7611e+12
343.09   2.724e+12
343.45   2.7122e+12
343.81   2.6759e+12
344.18   2.6297e+12
344.54   2.6091e+12
344.9   2.6091e+12
345.27   2.6091e+12
345.63   2.5962e+12
345.99   2.5991e+12
346.36   2.5815e+12
346.72   2.5815e+12
347.08   2.5991e+12
347.45   2.5991e+12
347.81   2.5582e+12
348.17   2.5224e+12
348.54   2.5076e+12
348.9   2.5076e+12
349.26   2.5076e+12
349.62   2.4814e+12
349.99   2.3901e+12
350.35   2.3152e+12
350.71   2.2838e+12
351.08   2.2838e+12
351.44   2.2545e+12
351.8   2.2838e+12
352.16   2.2829e+12
352.53   2.253e+12
352.89   2.2508e+12
353.25   2.229e+12
353.61   2.229e+12
353.98   2.229e+12
354.34   2.229e+12
354.7   2.2005e+12
355.06   2.2005e+12
355.43   2.1736e+12
355.79   2.1703e+12
356.15   2.1251e+12
356.51   2.1251e+12
356.88   2.1251e+12
357.24   2.0985e+12
357.6   2.0274e+12
357.96   1.9509e+12
358.32   1.9509e+12
358.69   1.9509e+12
359.05   1.9509e+12
359.41   1.8887e+12
359.77   1.8246e+12
360.13   1.8246e+12
360.49   1.8061e+12
360.86   1.8061e+12
361.22   1.8061e+12
361.58   1.785e+12
361.94   1.785e+12
362.3   1.785e+12
362.66   1.7594e+12
363.03   1.7594e+12
363.39   1.7876e+12
363.75   1.7876e+12
364.11   1.806e+12
364.47   1.806e+12
364.83   1.806e+12
365.19   1.8341e+12
365.56   1.8411e+12
365.92   1.8192e+12
366.28   1.8411e+12
366.64   1.8411e+12
367   1.8411e+12
367.36   1.843e+12
367.72   1.843e+12
368.08   1.7728e+12
368.44   1.843e+12
368.8   1.843e+12
369.17   1.8037e+12
369.53   1.8049e+12
369.89   1.7849e+12
370.25   1.826e+12
370.61   1.826e+12
370.97   1.7849e+12
371.33   1.7849e+12
371.69   1.7849e+12
372.05   1.7487e+12
372.41   1.7487e+12
372.77   1.7236e+12
373.13   1.6788e+12
373.49   1.6511e+12
373.85   1.6511e+12
374.21   1.6329e+12
374.57   1.6329e+12
374.93   1.6195e+12
375.29   1.6195e+12
375.65   1.6195e+12
376.01   1.6114e+12
376.37   1.6114e+12
376.73   1.6224e+12
377.09   1.6405e+12
377.45   1.6224e+12
377.81   1.6224e+12
378.17   1.5491e+12
378.53   1.5565e+12
378.89   1.5565e+12
379.25   1.5565e+12
379.61   1.6322e+12
379.97   1.5565e+12
380.33   1.5572e+12
380.69   1.4766e+12
381.05   1.4873e+12
381.41   1.4873e+12
381.77   1.5563e+12
382.13   1.5269e+12
382.49   1.5269e+12
382.85   1.5269e+12
383.21   1.5269e+12
383.57   1.5412e+12
383.93   1.5412e+12
384.29   1.5824e+12
384.64   1.5824e+12
385   1.5824e+12
385.36   1.5473e+12
385.72   1.5674e+12
386.08   1.6167e+12
386.44   1.5674e+12
386.8   1.5262e+12
387.16   1.5108e+12
387.52   1.5019e+12
387.88   1.4808e+12
388.23   1.4808e+12
388.59   1.4808e+12
388.95   1.4932e+12
389.31   1.4655e+12
389.67   1.4551e+12
390.03   1.4551e+12
390.38   1.4427e+12
390.74   1.4427e+12
391.1   1.4275e+12
391.46   1.4122e+12
391.82   1.4007e+12
392.18   1.3952e+12
392.54   1.3952e+12
392.89   1.398e+12
393.25   1.398e+12
393.61   1.412e+12
393.97   1.4421e+12
394.33   1.4066e+12
394.68   1.4066e+12
395.04   1.4421e+12
395.4   1.4421e+12
395.76   1.4421e+12
396.12   1.3845e+12
396.47   1.4028e+12
396.83   1.3354e+12
397.19   1.3354e+12
397.55   1.3028e+12
397.9   1.2966e+12
398.26   1.2966e+12
398.62   1.2751e+12
398.98   1.2751e+12
399.33   1.2884e+12
399.69   1.2639e+12
400.05   1.2222e+12
400.41   1.1688e+12
400.76   1.143e+12
401.12   1.143e+12
401.48   1.1159e+12
401.84   1.143e+12
402.19   1.143e+12
402.55   1.1462e+12
402.91   1.1299e+12
403.26   1.1462e+12
403.62   1.1715e+12
403.98   1.1715e+12
404.34   1.184e+12
404.69   1.184e+12
405.05   1.184e+12
405.41   1.2115e+12
405.76   1.2586e+12
406.12   1.2145e+12
406.48   1.2586e+12
406.83   1.2388e+12
407.19   1.2145e+12
407.55   1.2145e+12
407.9   1.2145e+12
408.26   1.216e+12
408.62   1.216e+12
408.97   1.1794e+12
409.33   1.1373e+12
409.69   1.1373e+12
410.04   1.1294e+12
410.4   1.1294e+12
410.75   1.1593e+12
411.11   1.1847e+12
411.47   1.2136e+12
411.82   1.1768e+12
412.18   1.1768e+12
412.53   1.1768e+12
412.89   1.1768e+12
413.25   1.0916e+12
413.6   1.023e+12
413.96   1.0181e+12
414.31   9.9898e+11
414.67   9.9898e+11
415.02   9.7918e+11
415.38   9.7918e+11
415.74   9.9898e+11
416.09   9.9442e+11
416.45   9.9442e+11
416.8   9.9834e+11
417.16   9.5102e+11
417.51   9.0219e+11
417.87   9.0219e+11
418.23   8.9387e+11
418.58   8.8446e+11
418.94   8.8446e+11
419.29   8.8446e+11
419.65   8.8181e+11
420   9.1607e+11
420.36   9.1607e+11
420.71   9.6026e+11
421.07   9.655e+11
421.42   9.655e+11
421.78   9.655e+11
422.13   1.0227e+12
422.49   9.7277e+11
422.84   9.4214e+11
423.2   9.4214e+11
423.55   8.9203e+11
423.91   8.6563e+11
424.26   8.6563e+11
424.62   8.2435e+11
424.97   7.8907e+11
425.32   7.7134e+11
425.68   7.5721e+11
426.03   7.5721e+11
426.39   7.7134e+11
426.74   8.1577e+11
427.1   8.1577e+11
427.45   7.6763e+11
427.81   7.6763e+11
428.16   7.8857e+11
428.51   8.1207e+11
428.87   8.1207e+11
429.22   8.3926e+11
429.58   8.5854e+11
429.93   8.1207e+11
430.28   7.7755e+11
430.64   7.7755e+11
430.99   8.1207e+11
431.35   7.7707e+11
431.7   7.7707e+11
432.05   7.7862e+11
432.41   7.7862e+11
432.76   7.1979e+11
433.11   6.7087e+11
433.47   7.1979e+11
433.82   7.3437e+11
434.18   7.504e+11
434.53   7.504e+11
434.88   7.932e+11
435.24   7.7724e+11
435.59   7.504e+11
435.94   7.7724e+11
436.3   7.7724e+11
436.65   7.7724e+11
437   7.504e+11
437.36   7.0676e+11
437.71   7.3361e+11
438.06   6.8467e+11
438.41   6.4427e+11
438.77   6.4427e+11
439.12   6.4427e+11
439.47   6.2402e+11
439.83   5.722e+11
440.18   6.2402e+11
440.53   5.9996e+11
440.88   5.9996e+11
441.24   5.4648e+11
441.59   5.4648e+11
441.94   5.6231e+11
442.3   5.3876e+11
442.65   5.3876e+11
443   5.3876e+11
443.35   5.3876e+11
443.7   5.3876e+11
444.06   5.3876e+11
444.41   5.7497e+11
444.76   6.0135e+11
445.11   5.7497e+11
445.47   5.8794e+11
445.82   5.8794e+11
446.17   5.8794e+11
446.52   5.9394e+11
446.88   5.9394e+11
447.23   5.3322e+11
447.58   4.668e+11
447.93   4.5383e+11
448.28   4.3387e+11
448.63   4.5383e+11
448.99   4.3387e+11
449.34   4.5383e+11
449.69   4.4448e+11
450.04   3.9326e+11
450.39   4.4448e+11
450.75   4.4448e+11
451.1   4.31e+11
451.45   4.31e+11
451.8   4.4596e+11
452.15   4.4596e+11
452.5   4.7236e+11
452.85   4.7236e+11
453.2   4.9808e+11
453.56   5.1096e+11
453.91   5.1096e+11
454.26   5.1096e+11
454.61   5.1096e+11
454.96   5.0796e+11
455.31   5.1681e+11
455.66   5.1681e+11
456.01   5.3533e+11
456.37   5.3533e+11
456.72   5.3893e+11
457.07   5.2042e+11
457.42   5.2448e+11
457.77   5.2448e+11
458.12   5.2448e+11
458.47   5.4151e+11
458.82   5.2448e+11
459.17   5.0743e+11
459.52   5.0743e+11
459.87   4.9136e+11
460.22   4.5673e+11
460.57   4.5673e+11
460.92   4.2146e+11
461.27   3.7871e+11
461.62   3.2543e+11
461.97   3.2543e+11
462.32   2.9834e+11
462.68   2.8264e+11
463.02   2.8264e+11
463.38   3.0972e+11
463.73   2.6951e+11
464.07   2.6951e+11
464.43   2.6951e+11
464.77   3.1138e+11
465.12   3.1601e+11
465.48   3.178e+11
465.82   3.6095e+11
466.17   4.0096e+11
466.52   4.0822e+11
466.87   3.6095e+11
467.22   3.6095e+11
467.57   3.3372e+11
467.92   4.0822e+11
468.27   3.6507e+11
468.62   3.4917e+11
468.97   3.3329e+11
469.32   3.3329e+11
469.67   2.6034e+11
470.02   2.4369e+11
470.37   2.6034e+11
470.72   2.675e+11
471.07   2.7703e+11
471.42   2.675e+11
471.76   2.6773e+11
472.11   2.6773e+11
472.46   2.6214e+11
472.81   2.6214e+11
473.16   2.5157e+11
473.51   2.6773e+11
473.86   2.5157e+11
474.21   2.4574e+11
474.56   2.4574e+11
474.9   2.5299e+11
475.25   2.4574e+11
475.6   2.5299e+11
475.95   2.5299e+11
476.3   2.5299e+11
476.65   2.5299e+11
477   2.3494e+11
477.35   2.5299e+11
477.69   2.5538e+11
478.04   2.1012e+11
478.39   1.6472e+11
478.74   2.1024e+11
479.09   2.1024e+11
479.43   2.6378e+11
479.78   2.494e+11
480.13   2.494e+11
480.48   2.494e+11
480.83   2.494e+11
481.18   2.2943e+11
481.52   2.2943e+11
481.87   2.5211e+11
482.22   2.6021e+11
482.57   2.324e+11
482.91   2.2943e+11
483.26   2.233e+11
483.61   2.3017e+11
483.96   2.324e+11
484.3   2.324e+11
484.65   2.3043e+11
485   2.3043e+11
485.35   2.27e+11
485.69   1.9208e+11
486.04   1.9208e+11
486.39   2.27e+11
486.74   2.3308e+11
487.08   2.3188e+11
487.43   1.9208e+11
487.78   1.9208e+11
488.12   2.1045e+11
488.47   2.5997e+11
488.82   2.5997e+11
489.17   2.6304e+11
489.51   2.6047e+11
489.86   2.1644e+11
490.21   1.6883e+11
490.55   1.8773e+11
490.9   1.8773e+11
491.25   1.8773e+11
491.59   1.8773e+11
491.94   1.8773e+11
492.29   2.033e+11
492.63   1.8773e+11
492.98   2.033e+11
493.33   2.2242e+11
493.67   2.2868e+11
494.02   2.2868e+11
494.37   2.2868e+11
494.71   2.2868e+11
495.06   2.2132e+11
495.4   1.999e+11
495.75   1.7672e+11
496.1   1.999e+11
496.44   1.7672e+11
496.79   1.7672e+11
497.13   1.6513e+11
497.48   1.5665e+11
497.83   1.6906e+11
498.17   1.6906e+11
498.52   1.6906e+11
498.86   1.7197e+11
499.21   2.0695e+11
499.56   1.7197e+11
499.9   2.0695e+11
500.25   1.6762e+11
500.59   2.0695e+11
500.94   2.4379e+11
501.28   2.512e+11
501.63   2.512e+11
501.97   2.512e+11
502.32   2.2243e+11
502.67   1.9988e+11
503.01   2.2243e+11
503.36   1.9988e+11
503.7   1.9988e+11
504.05   1.9988e+11
504.39   1.9086e+11
504.74   1.9086e+11
505.08   1.9086e+11
505.43   2.1684e+11
505.77   2.1684e+11
506.12   2.2267e+11
506.46   2.0678e+11
506.81   2.0678e+11
507.15   2.0678e+11
507.5   2.0032e+11
507.84   2.041e+11
508.18   1.9964e+11
508.53   1.6696e+11
508.87   1.6696e+11
509.22   1.7074e+11
509.56   1.1769e+11
509.91   1.1769e+11
510.25   1.5266e+11
510.6   1.6464e+11
510.94   1.8534e+11
511.28   1.8593e+11
511.63   1.8593e+11
511.97   1.8593e+11
512.32   1.6464e+11
512.66   1.6464e+11
513   1.8501e+11
513.35   1.8501e+11
513.69   1.8308e+11
514.04   1.9963e+11
514.38   1.9906e+11
514.72   1.9906e+11
515.07   1.9906e+11
515.41   2.0217e+11
515.75   2.1038e+11
516.1   2.0217e+11
516.44   2.2674e+11
516.79   2.3573e+11
517.13   2.3573e+11
517.47   2.4181e+11
517.82   2.4862e+11
518.16   2.2057e+11
518.5   2.2057e+11
518.85   2.2057e+11
519.19   2.2057e+11
519.53   2.2057e+11
519.88   2.0004e+11
520.22   1.8506e+11
520.56   2.0004e+11
520.9   2.0685e+11
521.25   2.1887e+11
521.59   2.1887e+11
521.93   2.638e+11
522.28   2.2803e+11
522.62   2.2803e+11
522.96   2.638e+11
523.3   2.7625e+11
523.65   2.9218e+11
523.99   3.3362e+11
524.33   2.9689e+11
524.67   2.9689e+11
525.02   3.1287e+11
525.36   2.9689e+11
525.7   2.9689e+11
526.04   2.8285e+11
526.39   2.7814e+11
526.73   2.8285e+11
527.07   2.7532e+11
527.41   2.7532e+11
527.76   2.7532e+11
528.1   2.9883e+11
528.44   2.7532e+11
528.78   2.7532e+11
529.12   2.6713e+11
529.47   3.1107e+11
529.81   3.5199e+11
530.15   3.5199e+11
530.49   3.5385e+11
530.83   3.5199e+11
531.18   3.5199e+11
531.52   3.772e+11
531.86   3.9369e+11
532.2   4.0734e+11
532.54   4.164e+11
532.88   4.2738e+11
533.23   4.164e+11
533.57   4.2274e+11
533.91   4.4632e+11
534.25   4.4632e+11
534.59   4.4632e+11
534.93   4.311e+11
535.27   4.492e+11
535.61   4.4653e+11
535.96   4.4653e+11
536.3   4.4392e+11
536.64   4.6201e+11
536.98   4.6201e+11
537.32   4.4392e+11
537.66   4.4392e+11
538   4.7883e+11
538.34   5.0102e+11
538.68   4.7883e+11
539.02   4.6973e+11
539.36   4.6973e+11
539.7   5.0102e+11
540.04   4.6973e+11
540.38   4.2959e+11
540.73   4.6973e+11
541.07   4.9911e+11
541.41   5.0182e+11
541.75   5.0995e+11
542.09   5.461e+11
542.43   5.461e+11
542.77   5.3057e+11
543.11   5.3057e+11
543.45   5.4861e+11
543.79   5.4861e+11
544.13   5.4861e+11
544.47   5.4861e+11
544.81   5.4861e+11
545.15   6.0192e+11
545.49   6.1231e+11
545.83   6.6879e+11
546.17   6.7361e+11
546.51   6.7338e+11
546.85   6.7338e+11
547.19   7.0842e+11
547.53   7.2045e+11
547.87   7.2045e+11
548.21   7.2045e+11
548.54   7.2045e+11
548.88   6.9023e+11
549.22   6.9495e+11
549.56   6.7765e+11
549.9   6.9495e+11
550.24   6.9495e+11
550.58   6.9495e+11
550.92   6.8791e+11
551.26   6.8791e+11
551.6   7.3775e+11
551.94   7.3775e+11
552.28   7.882e+11
552.62   8.0466e+11
552.95   8.0466e+11
553.29   8.0466e+11
553.63   8.4134e+11
553.97   8.6395e+11
554.31   8.7816e+11
554.65   8.9479e+11
554.99   8.9479e+11
555.33   9.3279e+11
555.66   9.7215e+11
556   9.7215e+11
556.34   9.7215e+11
556.68   9.7215e+11
557.02   9.7215e+11
557.36   9.854e+11
557.69   1.0042e+12
558.03   1.0042e+12
558.37   1.0042e+12
558.71   1.0042e+12
559.05   9.966e+11
559.38   1.0124e+12
559.72   1.0124e+12
560.06   1.007e+12
560.4   1.0442e+12
560.74   1.0668e+12
561.07   1.0667e+12
561.41   1.113e+12
561.75   1.1065e+12
562.09   1.113e+12
562.42   1.1278e+12
562.76   1.1408e+12
563.1   1.1643e+12
563.44   1.1643e+12
563.77   1.1504e+12
564.11   1.1504e+12
564.45   1.1622e+12
564.79   1.2057e+12
565.12   1.2515e+12
565.46   1.2668e+12
565.8   1.2668e+12
566.14   1.2897e+12
566.47   1.2897e+12
566.81   1.3371e+12
567.15   1.3867e+12
567.48   1.4051e+12
567.82   1.4526e+12
568.16   1.516e+12
568.5   1.516e+12
568.83   1.516e+12
569.17   1.5607e+12
569.5   1.5607e+12
569.84   1.5791e+12
570.18   1.5482e+12
570.51   1.5791e+12
570.85   1.5835e+12
571.19   1.5566e+12
571.52   1.5389e+12
571.86   1.5658e+12
572.2   1.6076e+12
572.53   1.6293e+12
572.87   1.7181e+12
573.21   1.8135e+12
573.54   1.8812e+12
573.88   1.8786e+12
574.21   1.8906e+12
574.55   1.9025e+12
574.89   1.9025e+12
575.22   1.9025e+12
575.56   1.9093e+12
575.89   1.9188e+12
576.23   1.9302e+12
576.57   1.9188e+12
576.9   1.9068e+12
577.24   1.9188e+12
577.57   1.9302e+12
577.91   1.9392e+12
578.24   1.9731e+12
578.58   2.0072e+12
578.91   2.0361e+12
579.25   2.1308e+12
579.59   2.1314e+12
579.92   2.2057e+12
580.26   2.2057e+12
580.59   2.2057e+12
580.93   2.2057e+12
581.26   2.2406e+12
581.6   2.2876e+12
581.93   2.3159e+12
582.27   2.3159e+12
582.6   2.3496e+12
582.94   2.3496e+12
583.27   2.3754e+12
583.61   2.3754e+12
583.94   2.4008e+12
584.27   2.4117e+12
584.61   2.4289e+12
584.95   2.4289e+12
585.28   2.4519e+12
585.61   2.4519e+12
585.95   2.4653e+12
586.28   2.4855e+12
586.62   2.5216e+12
586.95   2.5755e+12
587.29   2.6219e+12
587.62   2.6248e+12
587.95   2.644e+12
588.29   2.644e+12
588.62   2.6493e+12
588.96   2.6944e+12
589.29   2.7369e+12
589.62   2.7375e+12
589.96   2.7408e+12
590.29   2.7407e+12
590.63   2.7726e+12
590.96   2.804e+12
591.29   2.8147e+12
591.63   2.8147e+12
591.96   2.8282e+12
592.29   2.8692e+12
592.63   2.8809e+12
592.96   2.9325e+12
593.29   2.9631e+12
593.63   3.0354e+12
593.96   3.0354e+12
594.3   3.0354e+12
594.63   3.0853e+12
594.96   3.0853e+12
595.29   3.1274e+12
595.63   3.1826e+12
595.96   3.1998e+12
596.29   3.2037e+12
596.63   3.2347e+12
596.96   3.2127e+12
597.29   3.2347e+12
597.63   3.2133e+12
597.96   3.2133e+12
598.29   3.2552e+12
598.62   3.2804e+12
598.96   3.2883e+12
599.29   3.2915e+12
599.62   3.3324e+12
599.96   3.3324e+12
600.29   3.3984e+12
600.62   3.4127e+12
600.95   3.4623e+12
601.29   3.4917e+12
601.62   3.4633e+12
601.95   3.4917e+12
602.28   3.4917e+12
602.62   3.5549e+12
602.95   3.5549e+12
603.28   3.5549e+12
603.61   3.6459e+12
603.94   3.7136e+12
604.27   3.7352e+12
604.61   3.6959e+12
604.94   3.6959e+12
605.27   3.6959e+12
605.6   3.7352e+12
605.93   3.7352e+12
606.27   3.7352e+12
606.6   3.6911e+12
606.93   3.6368e+12
607.26   3.5963e+12
607.59   3.5963e+12
607.92   3.6368e+12
608.25   3.6242e+12
608.59   3.5643e+12
608.92   3.5643e+12
609.25   3.5899e+12
609.58   3.5899e+12
609.91   3.6406e+12
610.24   3.7031e+12
610.57   3.7031e+12
610.9   3.7134e+12
611.24   3.7134e+12
611.57   3.7568e+12
611.9   3.8062e+12
612.23   3.9032e+12
612.56   3.968e+12
612.89   3.968e+12
613.22   3.9751e+12
613.55   3.968e+12
613.88   3.968e+12
614.21   3.9666e+12
614.54   3.9492e+12
614.87   3.9717e+12
615.2   3.9492e+12
615.53   3.9492e+12
615.87   3.9492e+12
616.2   3.8764e+12
616.53   3.8764e+12
616.86   3.8785e+12
617.19   3.9563e+12
617.52   4.0684e+12
617.85   4.0684e+12
618.18   4.0401e+12
618.51   4.0684e+12
618.84   4.0401e+12
619.17   4.0202e+12
619.5   4.0202e+12
619.83   4.0027e+12
620.16   4.0027e+12
620.49   4.0027e+12
620.82   4.0027e+12
621.14   4.0027e+12
621.47   3.912e+12
621.8   3.912e+12
622.13   3.912e+12
622.46   4.0308e+12
622.79   4.0308e+12
623.12   4.0721e+12
623.45   4.0721e+12
623.78   4.0721e+12
624.11   4.0721e+12
624.44   4.0924e+12
624.77   4.0924e+12
625.1   4.0721e+12
625.42   4.0721e+12
625.75   4.0924e+12
626.08   4.0924e+12
626.41   4.0473e+12
626.74   4.1038e+12
627.07   4.0927e+12
627.4   4.0927e+12
627.73   3.9932e+12
628.06   4.0998e+12
628.38   4.1285e+12
628.71   4.1285e+12
629.04   4.1059e+12
629.37   4.1059e+12
629.7   4.1059e+12
630.03   4.1059e+12
630.36   4.1286e+12
630.68   4.1157e+12
631.01   4.1157e+12
631.34   4.1157e+12
631.67   4.1157e+12
632   4.0764e+12
632.32   4.0991e+12
632.65   4.0991e+12
632.98   4.1633e+12
633.31   4.25e+12
633.64   4.1241e+12
633.96   4.115e+12
634.29   4.1068e+12
634.62   4.0772e+12
634.95   3.9729e+12
635.27   4.0084e+12
635.6   3.8878e+12
635.93   4.0084e+12
636.26   3.9009e+12
636.58   3.8683e+12
636.91   3.9009e+12
637.24   3.9009e+12
637.57   3.9865e+12
637.89   3.9009e+12
638.22   3.9669e+12
638.55   3.8735e+12
638.88   3.9382e+12
639.2   3.8735e+12
639.53   3.8579e+12
639.86   3.8544e+12
640.18   3.8544e+12
640.51   3.8879e+12
640.84   3.8879e+12
641.16   3.9211e+12
641.49   3.8767e+12
641.82   3.8108e+12
642.14   3.7499e+12
642.47   3.7477e+12
642.8   3.8165e+12
643.12   3.8774e+12
643.45   3.8165e+12
643.78   3.6677e+12
644.1   3.5411e+12
644.43   3.5411e+12
644.75   3.5411e+12
645.08   3.6436e+12
645.41   3.6436e+12
645.73   3.6596e+12
646.06   3.6375e+12
646.38   3.5743e+12
646.71   3.5743e+12
647.04   3.5743e+12
647.36   3.5743e+12
647.69   3.5743e+12
648.01   3.5859e+12
648.34   3.5859e+12
648.67   3.5743e+12
648.99   3.581e+12
649.32   3.54e+12
649.64   3.5516e+12
649.97   3.6086e+12
650.29   3.6247e+12
650.62   3.6247e+12
650.94   3.6306e+12
651.27   3.638e+12
651.6   3.6306e+12
651.92   3.6306e+12
652.25   3.6306e+12
652.57   3.6395e+12
652.89   3.6306e+12
653.22   3.5373e+12
653.54   3.4321e+12
653.87   3.5462e+12
654.2   3.4321e+12
654.52   3.3266e+12
654.85   3.3773e+12
655.17   3.2894e+12
655.49   3.2894e+12
655.82   3.2173e+12
656.14   3.1823e+12
656.47   3.1823e+12
656.79   3.2207e+12
657.12   3.1668e+12
657.44   3.1915e+12
657.77   3.2056e+12
658.09   3.2056e+12
658.41   3.2182e+12
658.74   3.2182e+12
659.06   3.2182e+12
659.39   3.2182e+12
659.71   3.1784e+12
660.03   3.1784e+12
660.36   3.2212e+12
660.68   3.1784e+12
661.01   3.1727e+12
661.33   3.1254e+12
661.65   3.0097e+12
661.98   2.9894e+12
662.3   2.9612e+12
662.62   2.9202e+12
662.95   2.9612e+12
663.27   2.9186e+12
663.6   2.9186e+12
663.92   2.9568e+12
664.24   2.9568e+12
664.57   3.0277e+12
664.89   3.0277e+12
665.21   3.1341e+12
665.54   3.1015e+12
665.86   3.1015e+12
666.18   2.9284e+12
666.5   2.9284e+12
666.83   2.9284e+12
667.15   2.9056e+12
667.47   2.9056e+12
667.8   2.8485e+12
668.12   2.8485e+12
668.44   2.8362e+12
668.76   2.8063e+12
669.09   2.8282e+12
669.41   2.8282e+12
669.73   2.8265e+12
670.06   2.8265e+12
670.38   2.8563e+12
670.7   2.8563e+12
671.02   2.8563e+12
671.35   2.8088e+12
671.67   2.6757e+12
671.99   2.7176e+12
672.31   2.7176e+12
672.63   2.6337e+12
672.96   2.6658e+12
673.28   2.6336e+12
673.6   2.5278e+12
673.92   2.4413e+12
674.24   2.4748e+12
674.57   2.5485e+12
674.89   2.6336e+12
675.21   2.6336e+12
675.53   2.606e+12
675.85   2.553e+12
676.17   2.4748e+12
676.5   2.553e+12
676.82   2.5704e+12
677.14   2.5704e+12
677.46   2.5704e+12
677.78   2.4852e+12
678.1   2.4316e+12
678.42   2.4176e+12
678.75   2.4067e+12
679.07   2.4176e+12
679.39   2.4176e+12
679.71   2.3845e+12
680.03   2.3207e+12
680.35   2.2734e+12
680.67   2.269e+12
680.99   2.269e+12
681.31   2.231e+12
681.63   2.269e+12
681.96   2.269e+12
682.28   2.2676e+12
682.6   2.2746e+12
682.92   2.2676e+12
683.24   2.2319e+12
683.56   2.2319e+12
683.88   2.1516e+12
684.2   2.0937e+12
684.52   2.0043e+12
684.84   1.8922e+12
685.16   1.7563e+12
685.48   1.7563e+12
685.8   1.7097e+12
686.12   1.7097e+12
686.44   1.7097e+12
686.76   1.7097e+12
687.08   1.7097e+12
687.4   1.7035e+12
687.72   1.8398e+12
688.04   1.9851e+12
688.36   2.1362e+12
688.68   2.1362e+12
689   2.2332e+12
689.32   2.2332e+12
689.64   2.1362e+12
689.96   1.9851e+12
690.28   1.9851e+12
690.6   1.9851e+12
690.92   1.9569e+12
691.24   1.7789e+12
691.56   1.7789e+12
691.88   1.6529e+12
692.19   1.6529e+12
692.51   1.7789e+12
692.83   1.7789e+12
693.15   1.7789e+12
693.47   1.7789e+12
693.79   1.7534e+12
694.11   1.9438e+12
694.43   2.1338e+12
694.75   1.9438e+12
695.07   1.9438e+12
695.38   1.8065e+12
695.7   1.7263e+12
696.02   1.6344e+12
696.34   1.7824e+12
696.66   1.7824e+12
696.98   1.7815e+12
697.29   1.6465e+12
697.61   1.6465e+12
697.93   1.6797e+12
698.25   1.5599e+12
698.57   1.6797e+12
698.89   1.7815e+12
699.2   1.7815e+12
699.52   1.6949e+12
699.84   1.5599e+12
700.16   1.5599e+12
700.48   1.5488e+12
700.79   1.4537e+12
701.11   1.4537e+12
701.43   1.4537e+12
701.75   1.4537e+12
702.07   1.3348e+12
702.38   1.3348e+12
702.7   1.2963e+12
703.02   1.3471e+12
703.34   1.3471e+12
703.65   1.1848e+12
703.97   1.3561e+12
704.29   1.3561e+12
704.61   1.5751e+12
704.92   1.4665e+12
705.24   1.4665e+12
705.56   1.6756e+12
705.87   1.8656e+12
706.19   1.8177e+12
706.51   1.6477e+12
706.83   1.655e+12
707.14   1.655e+12
707.46   1.5756e+12
707.77   1.4597e+12
708.09   1.4597e+12
708.41   1.4597e+12
708.73   1.3658e+12
709.04   1.2223e+12
709.36   1.2223e+12
709.67   1.2223e+12
709.99   9.305e+11
710.31   1.1841e+12
710.62   1.2831e+12
710.94   9.913e+11
711.26   7.7788e+11
711.57   9.4072e+11
711.89   9.4072e+11
712.21   1.0276e+12
712.52   9.0495e+11
712.84   9.0495e+11
713.15   1.0276e+12
713.47   9.0495e+11
713.78   9.0495e+11
714.1   1.0223e+12
714.42   1.0223e+12
714.73   8.85e+11
715.05   1.0223e+12
715.36   1.1233e+12
715.68   1.1233e+12
716   9.1549e+11
716.31   7.4952e+11
716.63   7.4952e+11
716.94   6.0389e+11
717.26   6.0389e+11
717.57   6.3255e+11
717.89   5.6863e+11
718.2   5.6863e+11
718.52   5.6863e+11
718.83   7.2314e+11
719.15   8.0838e+11
719.46   8.0838e+11
719.78   8.3877e+11
720.09   8.3877e+11
720.41   8.9717e+11
720.72   8.9717e+11
721.04   9.4314e+11
721.35   9.027e+11
721.67   9.7244e+11
721.98   8.291e+11
722.29   8.291e+11
722.61   8.291e+11
722.92   9.4481e+11
723.24   1.0902e+12
723.55   1.2292e+12
723.87   1.2292e+12
724.18   1.0497e+12
724.5   1.0497e+12
724.81   8.8746e+11
725.12   1.1907e+12
725.44   8.8746e+11
725.75   8.4807e+11
726.07   7.1661e+11
726.38   6.0604e+11
726.69   6.0604e+11
727.01   5.8495e+11
727.32   5.8495e+11
727.63   5.8495e+11
727.95   6.9552e+11
728.26   6.9552e+11
728.58   6.9552e+11
728.89   6.9552e+11
729.2   5.1419e+11
729.52   8.0908e+11
729.83   5.1419e+11
730.14   3.5077e+11
730.46   2.6204e+11
730.77   -1.3589e+10
731.08   -2.9892e+11
731.39   -2.9892e+11
731.71   -2.5715e+11
732.02   -2.5715e+11
732.33   -2.5715e+11
732.65   -3.2065e+11
732.96   -3.2065e+11
733.27   -2.5715e+11
733.59   -3.2894e+11
733.9   -5.8974e+11
734.21   -6.7819e+10
734.52   -4.1775e+11
734.84   -2.1686e+11
735.15   -2.1686e+11
735.46   1.3306e+11
735.77   4.969e+11
736.09   5.9518e+11
736.4   5.9518e+11
736.71   9.136e+11
737.02   9.136e+11
737.33   6.2546e+11
737.65   9.136e+11
737.96   9.136e+11
738.27   9.136e+11
738.58   6.2546e+11
738.89   3.7008e+11
739.21   2.7164e+11
739.52   2.7164e+11
739.83   2.7164e+11
740.14   2.4224e+10
740.45   -4.023e+11
740.76   -4.023e+11
741.08   -4.4803e+11
741.39   -4.4803e+11
741.7   -8.7603e+09
742.01   3.8999e+11
742.32   3.8999e+11
742.63   2.15e+11
742.94   2.15e+11
743.25   3.5473e+11
743.57   3.5473e+11
743.88   2.15e+11
744.19   2.15e+11
744.5   -5.689e+09
744.81   -3.8274e+11
745.12   -3.8274e+11
745.43   -9.2249e+11
745.74   -9.2249e+11
746.05   -9.2249e+11
746.36   -9.2249e+11
746.67   -2.3794e+11
746.99   2.3248e+11
747.3   2.3248e+11
747.61   2.3248e+11
747.92   2.3248e+11
748.23   4.7865e+11
748.54   4.7865e+11
748.85   -1.7979e+11
749.16   -8.1799e+11
749.47   -9.5507e+11
749.78   -1.0464e+12
750.09   -1.0464e+12
750.4   -1.0464e+12
750.71   -9.077e+11
751.02   -9.077e+11
751.33   -9.077e+11
751.64   -4.3805e+11
751.95   1.3156e+11
752.26   1.6651e+11
752.57   5.6388e+11
752.88   5.6388e+11
753.19   1.6651e+11
753.5   1.6651e+11
753.8   1.6651e+11
754.12   -1.6183e+11
754.42   -9.6381e+11
754.73   -9.6381e+11
755.04   -1.2382e+12
755.35   -1.2382e+12
755.66   -1.7305e+12
755.97   -1.7305e+12
756.28   -1.33e+12
756.59   -1.33e+12
756.9   -9.7438e+11
757.21   -9.7438e+11
757.51   -3.5448e+11
757.82   -3.5448e+11
758.13   -2.4198e+11
758.44   -6.8214e+11
758.75   -6.2335e+11
759.06   -6.8214e+11
759.37   -6.2335e+11
759.68   -6.2335e+11
759.98   -6.6763e+11
760.29   -6.2335e+11
760.6   -6.2335e+11
760.91   -6.2335e+11
761.22   -6.3347e+11
761.53   -2.7523e+11
761.83   -3.1951e+11
762.14   8.6111e+10
762.45   -3.1951e+11
762.76   -3.6765e+11
763.07   -3.6765e+11
763.37   -4.3732e+11
763.68   -4.3732e+11
763.99   -5.0891e+11
764.3   -6.825e+11
764.61   -1.0504e+12
764.91   -6.1172e+11
765.22   -8.2709e+11
765.53   -8.2709e+11
765.84   -8.2709e+11
766.14   -8.2709e+11
766.45   -8.2709e+11
766.76   -8.2709e+11
767.06   -8.2709e+11
767.37   -8.2709e+11
767.68   -2.3664e+10
767.99   -1.1894e+11
768.29   -4.0616e+11
768.6   -3.3771e+11
768.91   1.1965e+11
769.21   7.3492e+11
769.52   1.1965e+11
769.83   -5.8597e+10
770.13   -5.6064e+11
770.44   -4.9699e+11
770.75   -5.0815e+11
771.05   -8.6024e+11
771.36   -5.0815e+11
771.67   -2.0855e+11
771.97   -6.9757e+10
772.28   -6.9757e+10
772.59   6.2709e+10
772.89   -8.7245e+10
773.2   -7.2772e+10
773.51   -7.2772e+10
773.81   -7.1167e+10
774.12   -7.1167e+10
774.42   -1.8916e+11
774.73   -6.9398e+11
775.04   -6.9398e+11
775.34   -1.1731e+12
775.65   -1.1731e+12
775.95   -1.1731e+12
776.26   -1.3185e+12
776.57   -1.3932e+12
776.87   -2.1317e+12
777.18   -1.3932e+12
777.48   -1.3932e+12
777.79   -1.2478e+12
778.09   -1.3242e+12
778.4   -1.3242e+12
778.7   -1.5404e+12
779.01   -1.5404e+12
779.31   -1.5404e+12
779.62   -1.5181e+12
779.92   -1.1938e+12
780.23   -1.1449e+12
780.53   -1.1449e+12
780.84   -1.1449e+12
781.14   -1.3349e+12
781.45   -1.3349e+12
781.75   -8.0548e+11
782.06   -8.0548e+11
782.36   -8.0548e+11
782.67   -7.434e+11
782.97   -7.434e+11
783.28   -1.2728e+12
783.58   -7.434e+11
783.89   -1.2728e+12
784.19   -9.1582e+11
784.5   -1.408e+12
784.8   -1.408e+12
785.1   -1.408e+12
785.41   -1.408e+12
785.71   -2.0262e+12
786.02   -2.7356e+12
786.32   -2.7356e+12
786.62   -2.7356e+12
786.93   -3.2831e+12
787.23   -3.2831e+12
787.53   -2.7356e+12
787.84   -2.7356e+12
788.14   -1.9828e+12
788.45   -7.2169e+11
788.75   -7.2169e+11
789.05   3.4041e+11
789.36   3.4041e+11
789.66   3.6326e+10
789.96   3.6326e+10
790.27   3.6326e+10
790.57   -1.1761e+12
790.87   -1.1761e+12
791.18   -1.1761e+12
791.48   -2.3595e+12
791.78   -2.3595e+12
792.09   -3.1216e+12
792.39   -3.1216e+12
792.69   -2.3595e+12
793   -2.4345e+12
793.3   -3.1966e+12
793.6   -2.2418e+12
793.9   -2.2418e+12
794.21   -2.2418e+12
794.51   -2.2418e+12
794.81   -1.7166e+12
795.12   -1.7166e+12
795.42   -2.0576e+12
795.72   -2.5828e+12
796.02   -3.7032e+12
796.32   -3.7032e+12
796.63   -3.7032e+12
796.93   -3.7032e+12
797.23   -3.7032e+12
797.53   -2.2443e+12
797.84   -3.1907e+12
798.14   -3.1907e+12
798.44   -3.3553e+12
798.74   -2.4089e+12
799.04   -1.0425e+12
799.35   0
799.65   0
799.95   0
